#Measurement:		CV
#Sensor type:		CALICE_6in_256ch
#Needle measurement:	0
#Identifier:		CSIS001_IVSample_20250521_0
#Timestamp:		21.5.2025 12:46 
#Voltage delay:		20.0 s
#Switch delay:		0.3 s
#Compliance level:		2000.00 uA
#Mask pads above:		5.00 uA
#Voltage limit:		100.0 V
#LCR freq.:		2000 Hz
#LCR voltg.:		0.50 V
#Repeat:			1
#Sampling number:		3
#Source as DMM:		0
#Custom channels:		19,104,136,157,242
#Masked channels:		None
#Vltg. sign inversion?:	1
#VISA source:		GPIB0::18::INSTR
#VISA DMM:		GPIB0::25::INSTR
#VISA LCR:		GPIB0::17::INSTR
#HexPlot cmd:		C:\Users\calice\Desktop\ProbeStation\HGCAL_sensor_tests-CALICE_6in_256ch\bin\HexPlot.exe -i "D:\ProbeStationData\CALICE_6in_256ch_CSIS001_IVSample_20250521_0\CALICE_6in_256ch_CSIS001_IVSample_20250521_0_CV_customscan.txt" -o  "D:\ProbeStationData\CALICE_6in_256ch_CSIS001_IVSample_20250521_0\CALICE_6in_256ch_CSIS001_IVSample_20250521_0_CV_customscan.pdf" --CV  --select 200  --if SELECTOR:PADNUM:VAL  --pn 0 --invertx -g "C:\Users\calice\Documents\HGCAL_sensor_tests-CALICE_6in_256ch\src\..\geo\hex_positions_HPK_256ch_6inch_CALICE.txt" --colorpalette 1
#HexPlot analysis cmd:	C:\Users\calice\Desktop\ProbeStation\HGCAL_sensor_tests-CALICE_6in_256ch\bin\HexPlot.exe -i "D:\ProbeStationData\CALICE_6in_256ch_CSIS001_IVSample_20250521_0\CALICE_6in_256ch_CSIS001_IVSample_20250521_0_CV_customscan.txt" -o  "D:\ProbeStationData\CALICE_6in_256ch_CSIS001_IVSample_20250521_0\CALICE_6in_256ch_CSIS001_IVSample_20250521_0_CV_customscan_analysis.pdf" --CV  --select 200  --if SELECTOR:PADNUM:VAL -p PAD --sc 1-19--invertx -g "C:\Users\calice\Documents\HGCAL_sensor_tests-CALICE_6in_256ch\src\..\geo\hex_positions_HPK_256ch_6inch_CALICE.txt" --colorpalette 1
#HexPlot on matrix cmd:	C:\Users\calice\Desktop\ProbeStation\HGCAL_sensor_tests-CALICE_6in_256ch\bin\HexPlot.exe -i "D:\ProbeStationData\CALICE_6in_256ch_CSIS001_IVSample_20250521_0\CALICE_6in_256ch_CSIS001_IVSample_20250521_0_CV_customscan.txt" -o  "D:\ProbeStationData\CALICE_6in_256ch_CSIS001_IVSample_20250521_0\CALICE_6in_256ch_CSIS001_IVSample_20250521_0_CV_customscan.pdf" --CV  --select 200  --if SELECTOR:PADNUM:VAL  --pn 0 --invertx -g "C:\Users\calice\Documents\HGCAL_sensor_tests-CALICE_6in_256ch\geo\switch_matrix.txt" -m "C:\Users\calice\Documents\HGCAL_sensor_tests-CALICE_6in_256ch\src\..\maps\Probe_card_CALICE_6in_256ch.txt"  --colorpalette 1
#Voltage file:		C:\Users\calice\Desktop\ProbeStation\SensorTest_CALICE_6in_256ch\HGCAL_sensor_tests-CALICE_6in_256ch\config\Voltages_20250214.txt
#CV correction file:		None
#Comments:		CSIS 001 IV  CV sample channels

#Voltage	#Channel	#Cs        	#Error     	#Tot. curr.	#Act. vlt.	#Time 	#Temp	#Hum.	#Cp        	#Error     	#Impedance 	#Error     	#Phase      	#Error     	#Cs uncorr.	#Cp uncorr.
#[V]    	#       	#[pF]      	#[pF]      	#[nA]      	#[V]      	#[s]  	#[C] 	#[%] 	#[pF]      	#[pF]      	#[Ohm]     	#[Ohm]     	#[Rad]      	#[Rad]     	#[pF]      	#[pF]      
5.0     	19      	1.788495E+1	1.775155E-4	1.36E+1    	5.00      	24.27 	23.2 	38.3 	1.790115E+1	2.826833E-8	4.314043E+6	4.041452E+1	-1.564997E+0	4.932883E-5	1.844646E+1	1.844584E+1
5.0     	104     	1.690942E+1	8.028918E-4	1.24E+1    	5.00      	27.00 	23.2 	38.3 	1.692591E+1	6.509443E-7	4.554893E+6	2.098412E+2	-1.566483E+0	3.055050E-5	1.747093E+1	1.747060E+1
5.0     	136     	1.771851E+1	2.294824E-3	1.19E+1    	5.00      	29.58 	23.2 	38.3 	1.773462E+1	5.206783E-6	4.353333E+6	5.450076E+2	-1.564543E+0	5.859465E-5	1.828002E+1	1.827931E+1
5.0     	157     	1.689949E+1	2.560866E-2	1.24E+1    	5.00      	32.15 	23.2 	38.3 	1.691611E+1	6.604973E-4	4.557473E+6	6.690399E+3	-1.567510E+0	8.669487E-4	1.746100E+1	1.746080E+1
5.0     	242     	1.740592E+1	2.006542E-3	1.25E+1    	5.00      	34.70 	23.2 	38.3 	1.742196E+1	4.043085E-6	4.429080E+6	4.951767E+2	-1.564213E+0	5.773503E-5	1.796743E+1	1.796665E+1
10.0    	19      	1.305103E+1	1.457307E-3	1.98E+1    	10.00     	66.54 	23.2 	38.3 	1.306784E+1	2.123208E-6	5.845897E+6	6.258061E+2	-1.570527E+0	3.214550E-5	1.361254E+1	1.361253E+1
10.0    	104     	1.210250E+1	8.395692E-4	1.68E+1    	10.00     	68.87 	23.2 	38.3 	1.211928E+1	6.995963E-7	6.283760E+6	4.158125E+2	-1.572497E+0	8.962886E-5	1.266401E+1	1.266397E+1
10.0    	136     	1.246472E+1	1.080701E-3	1.70E+1    	10.00     	71.44 	23.2 	38.3 	1.248153E+1	1.167995E-6	6.109020E+6	5.068530E+2	-1.571900E+0	4.582576E-5	1.302623E+1	1.302622E+1
10.0    	157     	1.213949E+1	1.559575E-3	1.68E+1    	10.00     	74.01 	23.2 	38.3 	1.215626E+1	2.395051E-6	6.265463E+6	7.664420E+2	-1.572797E+0	2.484619E-4	1.270100E+1	1.270095E+1
10.0    	242     	1.272329E+1	2.186016E-3	1.68E+1    	10.00     	76.58 	23.2 	38.3 	1.274010E+1	4.785163E-6	5.990117E+6	9.859175E+2	-1.570147E+0	8.962886E-5	1.328480E+1	1.328479E+1
15.0    	19      	1.082263E+1	3.567431E-4	2.31E+1    	15.00     	108.35	23.2 	38.3 	1.083932E+1	1.328732E-7	6.990247E+6	2.214347E+2	-1.574140E+0	1.352775E-4	1.138414E+1	1.138401E+1
15.0    	104     	9.912908E+0	7.529913E-4	1.97E+1    	15.00     	110.70	23.2 	38.3 	9.929398E+0	5.681475E-7	7.597437E+6	5.464735E+2	-1.576407E+0	3.214550E-5	1.047442E+1	1.047409E+1
15.0    	136     	1.012029E+1	1.844133E-3	1.99E+1    	15.00     	113.25	23.2 	38.3 	1.013682E+1	3.404670E-6	7.449920E+6	1.286429E+3	-1.576000E+0	1.178983E-4	1.068180E+1	1.068151E+1
15.0    	157     	9.970213E+0	3.199021E-3	1.97E+1    	15.00     	115.82	23.2 	38.3 	9.986695E+0	1.006295E-5	7.556100E+6	2.285979E+3	-1.576453E+0	2.281082E-4	1.053172E+1	1.053139E+1
15.0    	242     	1.057285E+1	4.621605E-4	1.99E+1    	15.00     	118.39	23.2 	38.3 	1.058956E+1	2.137615E-7	7.147053E+6	2.967041E+2	-1.573827E+0	1.159023E-4	1.113436E+1	1.113425E+1
20.0    	19      	9.472006E+0	1.170709E-3	2.64E+1    	20.00     	150.21	23.2 	38.2 	9.488468E+0	1.390340E-6	7.931307E+6	9.287806E+2	-1.576770E+0	8.888194E-5	1.003352E+1	1.003316E+1
20.0    	104     	8.597969E+0	1.095081E-3	2.24E+1    	20.00     	152.73	23.2 	38.2 	8.614082E+0	1.180001E-6	8.688327E+6	1.034666E+3	-1.579583E+0	5.507571E-5	9.159479E+0	9.158772E+0
20.0    	136     	8.749993E+0	9.851886E-4	2.22E+1    	20.00     	155.29	23.2 	38.2 	8.766160E+0	9.314898E-7	8.546447E+6	8.951164E+2	-1.579170E+0	1.410674E-4	9.311503E+0	9.310850E+0
20.0    	157     	8.654076E+0	1.773567E-2	2.21E+1    	20.00     	157.88	23.2 	38.2 	8.670151E+0	3.152864E-4	8.635467E+6	1.664806E+4	-1.579787E+0	1.331666E-4	9.215586E+0	9.214841E+0
20.0    	242     	9.268403E+0	1.977285E-3	2.22E+1    	20.00     	160.48	23.2 	38.2 	9.284859E+0	3.878255E-6	8.095590E+6	1.625300E+3	-1.576883E+0	9.018500E-5	9.829913E+0	9.829549E+0
25.0    	19      	8.541137E+0	6.401276E-4	2.93E+1    	25.00     	192.27	23.2 	38.2 	8.557355E+0	3.977745E-7	8.742523E+6	6.102732E+2	-1.578930E+0	7.000000E-5	9.102647E+0	9.102045E+0
25.0    	104     	7.698873E+0	9.236302E-4	1.04E+1    	25.00     	194.64	23.2 	38.2 	7.714658E+0	8.523647E-7	9.634233E+6	1.077141E+3	-1.581987E+0	4.041452E-5	8.260383E+0	8.259348E+0
25.0    	136     	7.809123E+0	1.577595E-3	2.20E+0    	25.00     	197.22	23.2 	38.2 	7.824895E+0	2.545089E-6	9.507340E+6	1.802193E+3	-1.581987E+0	1.106044E-4	8.370633E+0	8.369585E+0
25.0    	157     	7.773578E+0	1.883357E-3	8.84E-1    	25.00     	199.77	23.2 	38.2 	7.789211E+0	3.004991E-6	9.547967E+6	2.071336E+3	-1.582713E+0	7.784814E-4	8.335088E+0	8.333901E+0
25.0    	242     	8.372807E+0	1.445306E-3	8.88E-1    	25.00     	202.35	23.2 	38.2 	8.389022E+0	2.151545E-6	8.907247E+6	1.451562E+3	-1.579023E+0	2.000833E-4	8.934317E+0	8.933712E+0
30.0    	19      	7.856257E+0	2.240623E-3	3.17E+3    	30.01     	234.83	23.2 	38.2 	7.872240E+0	4.977336E-6	9.453983E+6	2.511122E+3	-1.580767E+0	6.350853E-5	8.417767E+0	8.416930E+0
30.0    	104     	7.039222E+0	8.408809E-4	1.53E+1    	30.01     	237.60	23.2 	38.2 	7.054655E+0	7.082105E-7	1.047067E+7	1.159023E+3	-1.584303E+0	2.081666E-5	7.600732E+0	7.599345E+0
30.0    	136     	7.127828E+0	2.170676E-3	2.68E+0    	30.01     	240.17	23.2 	38.2 	7.143312E+0	4.496434E-6	1.034997E+7	2.888483E+3	-1.583973E+0	3.516153E-4	7.689338E+0	7.688002E+0
30.0    	157     	7.129540E+0	2.367949E-2	1.36E+0    	30.01     	242.78	23.2 	38.2 	7.144865E+0	5.495132E-4	1.034783E+7	3.164654E+4	-1.584713E+0	1.068004E-3	7.691050E+0	7.689555E+0
30.0    	242     	7.713034E+0	1.844544E-3	1.38E+0    	30.01     	245.38	23.2 	38.2 	7.728999E+0	3.338256E-6	9.617640E+6	2.133612E+3	-1.580960E+0	2.022375E-4	8.274544E+0	8.273689E+0
35.0    	19      	7.341236E+0	1.289171E-4	3.38E+1    	35.00     	277.84	23.2 	38.2 	7.357006E+0	1.269902E-8	1.007027E+7	1.527525E+2	-1.582323E+0	1.877054E-4	7.902746E+0	7.901696E+0
35.0    	104     	6.539705E+0	1.886318E-4	1.15E+1    	35.00     	280.30	23.2 	38.2 	6.554806E+0	3.938958E-8	1.120753E+7	3.055050E+2	-1.586357E+0	4.509250E-5	7.101215E+0	7.099496E+0
35.0    	136     	6.607555E+0	1.486250E-3	3.11E+0    	35.00     	282.88	23.2 	38.2 	6.622721E+0	2.168490E-6	1.110140E+7	2.291288E+3	-1.585987E+0	8.082904E-5	7.169065E+0	7.167411E+0
35.0    	157     	6.619677E+0	6.434476E-3	1.76E+0    	35.00     	285.43	23.2 	38.2 	6.635530E+0	4.470677E-5	1.108213E+7	1.011056E+4	-1.582053E+0	3.470394E-3	7.181187E+0	7.180220E+0
35.0    	242     	7.215300E+0	1.561625E-3	1.67E+0    	35.00     	288.02	23.2 	38.2 	7.230999E+0	2.378710E-6	1.023340E+7	2.042058E+3	-1.582800E+0	2.042058E-4	7.776810E+0	7.775689E+0
40.0    	19      	6.959671E+0	8.376678E-4	3.64E+3    	40.00     	320.49	23.2 	38.2 	6.975234E+0	6.757215E-7	1.058133E+7	1.167619E+3	-1.583723E+0	8.020806E-5	7.521181E+0	7.519924E+0
40.0    	104     	6.159942E+0	8.086392E-4	1.78E+1    	40.00     	322.93	23.2 	38.2 	6.174788E+0	6.373182E-7	1.184107E+7	1.415392E+3	-1.587933E+0	1.692139E-4	6.721452E+0	6.719478E+0
40.0    	136     	6.207474E+0	8.136694E-4	1.27E+1    	40.00     	325.50	23.2 	38.2 	6.222404E+0	7.481289E-7	1.175783E+7	1.457166E+3	-1.587507E+0	3.407834E-4	6.768984E+0	6.767094E+0
40.0    	157     	6.244519E+0	7.049249E-3	1.08E+1    	40.00     	328.11	23.2 	38.2 	6.259490E+0	5.005323E-5	1.169380E+7	1.212807E+4	-1.587280E+0	1.352775E-4	6.806029E+0	6.804180E+0
40.0    	242     	6.844014E+0	1.163113E-3	1.30E+1    	40.00     	330.71	23.2 	38.2 	6.859536E+0	1.404020E-6	1.074663E+7	1.703917E+3	-1.584037E+0	1.594783E-4	7.405524E+0	7.404226E+0
45.0    	19      	6.688777E+0	1.267527E-3	3.96E+1    	45.01     	362.56	23.2 	38.2 	6.704146E+0	1.642135E-6	1.097687E+7	1.929594E+3	-1.584943E+0	9.018500E-5	7.250287E+0	7.248836E+0
45.0    	104     	5.881511E+0	3.291282E-4	1.12E+1    	45.01     	364.86	23.2 	38.2 	5.896199E+0	1.038510E-7	1.235300E+7	6.244998E+2	-1.588990E+0	4.000000E-5	6.443021E+0	6.440889E+0
45.0    	136     	5.907219E+0	1.057570E-3	1.19E+1    	45.01     	367.44	23.2 	38.2 	5.921837E+0	1.205243E-6	1.230397E+7	2.050203E+3	-1.589247E+0	1.724336E-4	6.468729E+0	6.466527E+0
45.0    	157     	5.961170E+0	3.124723E-2	1.31E+1    	45.01     	370.02	23.2 	38.2 	5.975935E+0	1.029102E-3	1.220223E+7	5.933653E+4	-1.588253E+0	3.992710E-3	6.522680E+0	6.520625E+0
45.0    	242     	6.584035E+0	1.026716E-3	1.24E+1    	45.01     	372.59	23.2 	38.2 	6.599386E+0	1.020541E-6	1.113780E+7	1.587451E+3	-1.585137E+0	1.331666E-4	7.145545E+0	7.144076E+0
50.0    	19      	6.508408E+0	1.212548E-3	4.28E+1    	50.00     	404.38	23.2 	38.1 	6.523702E+0	1.535588E-6	1.125700E+7	1.951922E+3	-1.585487E+0	1.913984E-4	7.069918E+0	7.068392E+0
50.0    	104     	5.690680E+0	2.486678E-4	1.57E+1    	50.00     	406.92	23.2 	38.1 	5.705145E+0	6.595442E-8	1.273033E+7	5.131601E+2	-1.590207E+0	1.656301E-4	6.252190E+0	6.249835E+0
50.0    	136     	5.692525E+0	1.229163E-3	1.20E+1    	50.00     	409.49	23.2 	38.1 	5.707034E+0	1.541823E-6	1.272653E+7	2.514624E+3	-1.590020E+0	1.135782E-4	6.254035E+0	6.251724E+0
50.0    	157     	5.764844E+0	2.715835E-2	1.18E+1    	50.00     	412.09	23.2 	38.1 	5.779299E+0	7.491289E-4	1.258123E+7	5.436583E+4	-1.590123E+0	8.989067E-4	6.326354E+0	6.323989E+0
50.0    	242     	6.427662E+0	2.519987E-4	1.24E+1    	50.00     	414.69	23.2 	38.1 	6.442914E+0	9.639607E-8	1.138710E+7	4.582576E+2	-1.585777E+0	2.804164E-4	6.989172E+0	6.987604E+0
55.0    	19      	6.416287E+0	6.868142E-4	4.62E+1    	55.00     	446.53	23.2 	38.1 	6.431577E+0	5.347622E-7	1.140563E+7	1.159023E+3	-1.585603E+0	2.203028E-4	6.977797E+0	6.976267E+0
55.0    	104     	5.580659E+0	1.297250E-3	1.38E+1    	55.00     	448.84	23.2 	38.1 	5.595100E+0	1.847315E-6	1.295843E+7	2.802380E+3	-1.590477E+0	2.753785E-4	6.142169E+0	6.139790E+0
55.0    	136     	5.554626E+0	2.931216E-3	1.52E+1    	55.00     	451.42	23.2 	38.1 	5.568976E+0	8.600144E-6	1.301370E+7	6.237788E+3	-1.590890E+0	2.622975E-4	6.116136E+0	6.113666E+0
55.0    	157     	5.666864E+0	1.163937E-2	1.37E+1    	55.00     	453.99	23.2 	38.1 	5.681995E+0	1.316356E-4	1.277837E+7	2.372874E+4	-1.587100E+0	2.837728E-3	6.228374E+0	6.226685E+0
55.0    	242     	6.350719E+0	4.316036E-4	1.38E+1    	55.00     	456.56	23.2 	38.1 	6.365894E+0	2.280853E-7	1.151393E+7	7.571878E+2	-1.586220E+0	2.330236E-4	6.912229E+0	6.910584E+0
60.0    	19      	6.374431E+0	6.681853E-4	4.91E+1    	60.01     	488.38	23.2 	38.1 	6.389686E+0	3.738137E-7	1.147450E+7	1.058301E+3	-1.585817E+0	2.970410E-4	6.935941E+0	6.934376E+0
60.0    	104     	5.531594E+0	1.061979E-3	1.56E+1    	60.01     	490.88	23.2 	38.1 	5.545944E+0	1.186233E-6	1.306290E+7	2.306513E+3	-1.590933E+0	1.193035E-4	6.093104E+0	6.090634E+0
60.0    	136     	5.489553E+0	1.155909E-3	1.68E+1    	60.01     	493.47	23.2 	38.1 	5.503911E+0	1.401921E-6	1.315367E+7	2.542309E+3	-1.590967E+0	3.300505E-4	6.051063E+0	6.048601E+0
60.0    	157     	5.633956E+0	2.999956E-2	1.83E+1    	60.01     	496.05	23.2 	38.1 	5.648393E+0	8.395560E-4	1.284713E+7	6.107703E+4	-1.590070E+0	4.375146E-3	6.195466E+0	6.193083E+0
60.0    	242     	6.311166E+0	1.113065E-3	1.75E+1    	60.01     	498.62	23.2 	38.1 	6.326308E+0	1.166078E-6	1.158023E+7	1.847521E+3	-1.586423E+0	1.625833E-4	6.872676E+0	6.870998E+0
80.0    	19      	6.314187E+0	1.917825E-3	6.81E+1    	80.01     	532.92	23.2 	38.1 	6.329382E+0	3.568558E-6	1.157510E+7	3.204684E+3	-1.586170E+0	1.473092E-4	6.875697E+0	6.874072E+0
80.0    	104     	5.489489E+0	1.010007E-3	2.26E+1    	80.01     	535.34	23.2 	38.1 	5.503884E+0	1.050097E-6	1.315377E+7	2.212088E+3	-1.590817E+0	6.806859E-5	6.050999E+0	6.048574E+0
80.0    	136     	5.434469E+0	2.379217E-4	2.29E+1    	80.01     	537.92	23.2 	38.1 	5.448735E+0	6.776665E-8	1.327463E+7	5.507571E+2	-1.591437E+0	1.457166E-4	5.995979E+0	5.993425E+0
80.0    	157     	5.594967E+0	1.164096E-2	2.50E+1    	80.01     	540.49	23.2 	38.1 	5.609034E+0	1.205717E-4	1.292873E+7	2.373633E+4	-1.591843E+0	2.475082E-3	6.156477E+0	6.153724E+0
80.0    	242     	6.242223E+0	1.481040E-3	2.50E+1    	80.01     	543.06	23.2 	38.1 	6.257355E+0	2.116756E-6	1.169760E+7	2.523886E+3	-1.586543E+0	1.674316E-4	6.803733E+0	6.802045E+0
100.0   	19      	6.291058E+0	1.335914E-3	8.87E+1    	100.00    	577.37	23.2 	38.1 	6.306221E+0	1.786041E-6	1.161420E+7	2.264950E+3	-1.586350E+0	7.810250E-5	6.852568E+0	6.850911E+0
100.0   	104     	5.477986E+0	1.332760E-3	3.37E+1    	100.00    	579.78	23.2 	38.1 	5.492311E+0	1.907768E-6	1.317890E+7	2.961419E+3	-1.591123E+0	2.396525E-4	6.039496E+0	6.037001E+0
100.0   	136     	5.422407E+0	5.873328E-4	3.47E+1    	100.00    	582.35	23.2 	38.1 	5.436641E+0	3.611550E-7	1.330143E+7	1.320353E+3	-1.591583E+0	1.550269E-4	5.983917E+0	5.981331E+0
100.0   	157     	5.589482E+0	1.808853E-2	3.36E+1    	100.00    	584.92	23.2 	38.1 	5.603149E+0	3.409134E-4	1.294073E+7	3.838051E+4	-1.593213E+0	3.923332E-3	6.150992E+0	6.147839E+0
100.0   	242     	6.204616E+0	1.482481E-3	3.12E+1    	100.00    	587.50	23.2 	38.1 	6.219661E+0	2.354861E-6	1.176270E+7	2.622975E+3	-1.586993E+0	2.437895E-4	6.766126E+0	6.764351E+0
120.0   	19      	6.278504E+0	1.366944E-4	1.05E+2    	120.00    	621.78	23.2 	38.1 	6.293650E+0	1.817304E-8	1.163553E+7	2.309401E+2	-1.586440E+0	1.732051E-5	6.840014E+0	6.838340E+0
120.0   	104     	5.472007E+0	1.280106E-3	4.56E+1    	120.00    	624.00	23.2 	38.1 	5.486329E+0	1.708260E-6	1.319197E+7	2.829016E+3	-1.591143E+0	1.159023E-4	6.033517E+0	6.031019E+0
120.0   	136     	5.415197E+0	9.835824E-4	4.21E+1    	120.00    	626.57	23.2 	38.1 	5.429386E+0	9.770350E-7	1.331753E+7	2.196209E+3	-1.591780E+0	2.551470E-4	5.976707E+0	5.974076E+0
120.0   	157     	5.558174E+0	2.067432E-2	4.13E+1    	120.00    	629.14	23.2 	38.1 	5.572260E+0	4.484902E-4	1.300653E+7	4.457324E+4	-1.591880E+0	1.941546E-3	6.119684E+0	6.116950E+0
120.0   	242     	6.183257E+0	1.994558E-3	4.33E+1    	120.00    	631.71	23.2 	38.1 	6.198251E+0	4.038671E-6	1.180000E+7	3.502856E+3	-1.587253E+0	7.767453E-5	6.744767E+0	6.742941E+0
140.0   	19      	6.269297E+0	9.108725E-4	1.69E+3    	140.00    	666.01	23.2 	38.1 	6.284465E+0	9.527624E-7	1.165120E+7	1.609348E+3	-1.586347E+0	3.156475E-4	6.830807E+0	6.829155E+0
140.0   	104     	5.467127E+0	2.419979E-3	1.07E+2    	140.00    	668.91	23.2 	38.1 	5.481463E+0	5.855137E-6	1.320263E+7	5.300314E+3	-1.591097E+0	1.703917E-4	6.028637E+0	6.026153E+0
140.0   	136     	5.410514E+0	7.773677E-4	1.10E+2    	140.00    	671.53	23.2 	38.1 	5.424773E+0	6.161896E-7	1.332790E+7	1.743560E+3	-1.591503E+0	5.859465E-5	5.972024E+0	5.969463E+0
140.0   	157     	5.563572E+0	4.733298E-3	1.08E+2    	140.00    	674.11	23.2 	38.1 	5.577256E+0	3.519252E-5	1.299540E+7	1.132210E+4	-1.593170E+0	4.191992E-3	6.125082E+0	6.121946E+0
140.0   	242     	6.171469E+0	7.814490E-4	1.08E+2    	140.00    	676.69	23.2 	38.1 	6.186495E+0	6.383699E-7	1.182063E+7	1.386843E+3	-1.587120E+0	2.271563E-4	6.732979E+0	6.731185E+0
160.0   	19      	6.265049E+0	1.745579E-3	1.71E+2    	160.00    	710.97	23.2 	38.1 	6.280199E+0	3.096235E-6	1.165847E+7	2.993883E+3	-1.586440E+0	7.000000E-5	6.826559E+0	6.824889E+0
160.0   	104     	5.462693E+0	5.804940E-4	1.39E+2    	160.00    	713.39	23.2 	38.1 	5.477045E+0	3.225942E-7	1.321233E+7	1.258306E+3	-1.591037E+0	2.236813E-4	6.024203E+0	6.021735E+0
160.0   	136     	5.407928E+0	1.398148E-3	1.40E+2    	160.00    	715.95	23.2 	38.1 	5.422195E+0	2.124407E-6	1.333367E+7	3.189566E+3	-1.591477E+0	2.458319E-4	5.969438E+0	5.966885E+0
160.0   	157     	5.561716E+0	2.390019E-2	1.39E+2    	160.00    	718.52	23.2 	38.1 	5.576938E+0	5.696993E-4	1.299783E+7	5.070644E+4	-1.586747E+0	3.139655E-3	6.123226E+0	6.121628E+0
160.0   	242     	6.161800E+0	5.361105E-4	1.38E+2    	160.00    	721.10	23.2 	38.1 	6.176828E+0	3.214661E-7	1.183763E+7	9.712535E+2	-1.587120E+0	1.417745E-4	6.723310E+0	6.721518E+0
180.0   	19      	6.260371E+0	1.653389E-3	2.05E+2    	180.00    	755.42	23.2 	38.0 	6.275516E+0	2.662701E-6	1.166647E+7	2.809508E+3	-1.586467E+0	1.001665E-4	6.821881E+0	6.820206E+0
180.0   	104     	5.461186E+0	1.317323E-3	1.72E+2    	180.00    	757.81	23.2 	38.0 	5.475453E+0	1.695325E-6	1.321573E+7	2.874601E+3	-1.591387E+0	6.658328E-5	6.022696E+0	6.020143E+0
180.0   	136     	5.406648E+0	5.845362E-4	1.71E+2    	180.00    	760.38	23.2 	38.0 	5.420849E+0	2.884162E-7	1.333660E+7	1.252996E+3	-1.591747E+0	2.203028E-4	5.968158E+0	5.965539E+0
180.0   	157     	5.564084E+0	8.461373E-3	1.71E+2    	180.00    	762.96	23.3 	38.0 	5.578639E+0	7.766193E-5	1.299340E+7	1.830929E+4	-1.589990E+0	1.542336E-3	6.125594E+0	6.123329E+0
180.0   	242     	6.157611E+0	1.250997E-3	1.65E+2    	180.00    	765.53	23.2 	38.0 	6.172581E+0	1.500363E-6	1.184507E+7	2.182506E+3	-1.587390E+0	1.322876E-4	6.719121E+0	6.717271E+0
200.0   	19      	6.258899E+0	7.222040E-4	2.47E+2    	200.00    	799.81	23.3 	38.0 	6.273986E+0	5.332876E-7	1.166903E+7	1.242310E+3	-1.586737E+0	1.484363E-4	6.820409E+0	6.818676E+0
200.0   	104     	5.457565E+0	6.158048E-4	2.10E+2    	200.00    	802.24	23.2 	38.0 	5.471880E+0	3.558598E-7	1.322363E+7	1.331666E+3	-1.591197E+0	1.418920E-4	6.019075E+0	6.016570E+0
200.0   	136     	5.400908E+0	4.760934E-4	2.07E+2    	200.00    	804.81	23.3 	38.0 	5.415177E+0	2.135011E-7	1.334937E+7	1.050397E+3	-1.591483E+0	6.658328E-5	5.962418E+0	5.959867E+0
200.0   	157     	5.550773E+0	1.324493E-2	2.10E+2    	200.00    	807.38	23.2 	38.0 	5.565635E+0	1.876797E-4	1.302140E+7	2.872403E+4	-1.588507E+0	3.186539E-3	6.112283E+0	6.110325E+0
200.0   	242     	6.154343E+0	2.251818E-4	2.07E+2    	200.00    	809.95	23.2 	38.0 	6.169310E+0	4.156299E-8	1.185083E+7	3.785939E+2	-1.587410E+0	9.539392E-5	6.715853E+0	6.714000E+0
