#Measurement:		CV
#Sensor type:		CALICE_6in_256ch
#Needle measurement:	0
#Identifier:		systemCapacitance_20250604_0
#Timestamp:		4.6.2025 15:43 
#Voltage delay:		20.0 s
#Switch delay:		0.3 s
#Compliance level:		2000.00 uA
#Mask pads above:		5.00 uA
#Voltage limit:		100.0 V
#LCR freq.:		2000 Hz
#LCR voltg.:		0.50 V
#Repeat:			1
#Sampling number:		3
#Source as DMM:		0
#Custom channels:		None
#Masked channels:		None
#Vltg. sign inversion?:	1
#VISA source:		GPIB0::18::INSTR
#VISA DMM:		GPIB0::25::INSTR
#VISA LCR:		GPIB0::17::INSTR
#HexPlot cmd:		C:\Users\calice\Desktop\ProbeStation\HGCAL_sensor_tests-CALICE_6in_256ch\bin\HexPlot.exe -i "D:\ProbeStationData\CALICE_6in_256ch_systemCapacitance_20250604_0\CALICE_6in_256ch_systemCapacitance_20250604_0_CV.txt" -o  "D:\ProbeStationData\CALICE_6in_256ch_systemCapacitance_20250604_0\CALICE_6in_256ch_systemCapacitance_20250604_0_CV.pdf" --CV  --select 1  --if SELECTOR:PADNUM:VAL  --pn 0 --invertx -g "C:\Users\calice\Documents\HGCAL_sensor_tests-CALICE_6in_256ch\src\..\geo\hex_positions_HPK_256ch_6inch_CALICE.txt" --colorpalette 1
#HexPlot analysis cmd:	C:\Users\calice\Desktop\ProbeStation\HGCAL_sensor_tests-CALICE_6in_256ch\bin\HexPlot.exe -i "D:\ProbeStationData\CALICE_6in_256ch_systemCapacitance_20250604_0\CALICE_6in_256ch_systemCapacitance_20250604_0_CV.txt" -o  "D:\ProbeStationData\CALICE_6in_256ch_systemCapacitance_20250604_0\CALICE_6in_256ch_systemCapacitance_20250604_0_CV_analysis.pdf" --CV  --select 1  --if SELECTOR:PADNUM:VAL -p PAD --sc 1-40--invertx -g "C:\Users\calice\Documents\HGCAL_sensor_tests-CALICE_6in_256ch\src\..\geo\hex_positions_HPK_256ch_6inch_CALICE.txt" --colorpalette 1
#HexPlot on matrix cmd:	C:\Users\calice\Desktop\ProbeStation\HGCAL_sensor_tests-CALICE_6in_256ch\bin\HexPlot.exe -i "D:\ProbeStationData\CALICE_6in_256ch_systemCapacitance_20250604_0\CALICE_6in_256ch_systemCapacitance_20250604_0_CV.txt" -o  "D:\ProbeStationData\CALICE_6in_256ch_systemCapacitance_20250604_0\CALICE_6in_256ch_systemCapacitance_20250604_0_CV.pdf" --CV  --select 1  --if SELECTOR:PADNUM:VAL  --pn 0 --invertx -g "C:\Users\calice\Documents\HGCAL_sensor_tests-CALICE_6in_256ch\geo\switch_matrix.txt" -m "C:\Users\calice\Documents\HGCAL_sensor_tests-CALICE_6in_256ch\src\..\maps\Probe_card_CALICE_6in_256ch.txt"  --colorpalette 1
#Voltage file:		None
#CV correction file:		None
#Comments:		system capacitance

#Voltage	#Channel	#Cs        	#Error     	#Tot. curr.	#Act. vlt.	#Time 	#Temp	#Hum.	#Cp        	#Error      	#Impedance 	#Error     	#Phase      	#Error     	#Cs uncorr.	#Cp uncorr.
#[V]    	#       	#[pF]      	#[pF]      	#[nA]      	#[V]      	#[s]  	#[C] 	#[%] 	#[pF]      	#[pF]       	#[Ohm]     	#[Ohm]     	#[Rad]      	#[Rad]     	#[pF]      	#[pF]      
1.0     	1       	7.064861E-1	2.063011E-4	-3.11E-2   	1.00      	22.44 	25.1 	36.0 	5.832374E-1	7.079739E-8 	6.654120E+7	1.326160E+4	-1.909603E+0	1.040833E-4	1.267996E+0	1.127927E+0
1.0     	2       	7.055732E-1	1.846938E-3	-4.46E-2   	1.00      	25.30 	25.1 	36.0 	5.824917E-1	4.312235E-6 	6.658730E+7	1.097111E+5	-1.909520E+0	6.010824E-4	1.267083E+0	1.127182E+0
1.0     	3       	7.037592E-1	7.110021E-4	-3.20E-2   	1.00      	27.86 	25.1 	35.9 	5.713721E-1	4.093435E-7 	6.696603E+7	3.706944E+4	-1.921333E+0	3.421013E-4	1.265269E+0	1.116062E+0
1.0     	4       	7.009785E-1	7.421779E-4	-7.98E-2   	1.00      	30.42 	25.1 	35.9 	5.729897E-1	3.893229E-6 	6.699127E+7	7.805782E+4	-1.916303E+0	1.701362E-3	1.262488E+0	1.117680E+0
1.0     	5       	7.072883E-1	2.881291E-3	-4.27E-2   	1.00      	33.00 	25.1 	35.9 	5.815986E-1	3.735493E-6 	6.656870E+7	1.226635E+5	-1.912543E+0	2.281498E-3	1.268798E+0	1.126289E+0
1.0     	6       	7.052685E-1	1.114952E-3	-9.19E-2   	1.00      	35.57 	25.1 	36.0 	5.785115E-1	4.821111E-7 	6.671310E+7	4.587952E+4	-1.914163E+0	9.078179E-4	1.266778E+0	1.123201E+0
1.0     	7       	6.991871E-1	1.388596E-3	-2.45E-2   	1.00      	38.16 	25.1 	36.0 	5.757247E-1	2.239407E-6 	6.695697E+7	7.497629E+4	-1.910890E+0	1.401820E-3	1.260697E+0	1.120415E+0
1.0     	8       	7.032730E-1	1.469385E-3	-2.84E-2   	1.00      	40.72 	25.1 	35.9 	5.739791E-1	3.219807E-6 	6.690087E+7	7.254249E+4	-1.917590E+0	2.457397E-3	1.264783E+0	1.118669E+0
1.0     	9       	6.956996E-1	8.526028E-4	-8.26E-2   	1.00      	43.28 	25.1 	36.0 	5.685909E-1	4.022899E-7 	6.726420E+7	2.281644E+4	-1.915960E+0	1.465844E-3	1.257210E+0	1.113281E+0
1.0     	10      	6.940646E-1	1.055572E-3	-3.27E-2   	1.00      	45.85 	25.1 	36.0 	5.709695E-1	9.110308E-7 	6.723620E+7	2.406180E+4	-1.911143E+0	2.175048E-3	1.255575E+0	1.115660E+0
1.0     	11      	6.926771E-1	1.554198E-3	-8.31E-2   	1.00      	48.42 	25.1 	36.0 	5.705677E-1	1.047576E-6 	6.728553E+7	7.178735E+4	-1.910093E+0	6.316909E-4	1.254187E+0	1.115258E+0
1.0     	12      	6.997411E-1	2.240834E-3	-7.13E-2   	1.00      	50.99 	25.1 	36.0 	5.714307E-1	3.106261E-6 	6.707097E+7	1.098484E+5	-1.916880E+0	1.049714E-3	1.261251E+0	1.116121E+0
1.0     	13      	6.953406E-1	1.596581E-3	-2.93E-2   	1.00      	53.56 	25.1 	36.0 	5.673846E-1	1.673768E-7 	6.731030E+7	4.456220E+4	-1.917067E+0	1.827412E-3	1.256851E+0	1.112075E+0
1.0     	14      	6.980097E-1	1.116817E-3	-3.58E-2   	1.00      	56.13 	25.1 	36.0 	5.659674E-1	9.481564E-7 	6.728183E+7	5.866313E+4	-1.921743E+0	3.511885E-4	1.259520E+0	1.110657E+0
1.0     	15      	6.943369E-1	2.237350E-3	-6.78E-2   	1.00      	58.70 	25.1 	36.0 	5.697395E-1	1.047596E-6 	6.726607E+7	8.874443E+4	-1.913003E+0	1.447907E-3	1.255847E+0	1.114429E+0
1.0     	16      	6.964411E-1	2.051800E-3	-6.68E-2   	1.00      	61.28 	25.1 	36.0 	5.721269E-1	2.938676E-6 	6.713793E+7	1.013544E+5	-1.912350E+0	1.337199E-3	1.257951E+0	1.116817E+0
1.0     	17      	7.045421E-1	7.062842E-4	-5.60E-2   	1.00      	63.86 	25.1 	36.0 	5.832828E-1	3.595848E-7 	6.659093E+7	2.530738E+4	-1.907360E+0	1.117005E-3	1.266052E+0	1.127973E+0
1.0     	18      	7.009107E-1	2.795900E-3	-5.04E-2   	1.00      	66.43 	25.1 	36.0 	5.797697E-1	5.859470E-6 	6.679093E+7	1.446597E+5	-1.907713E+0	7.397522E-4	1.262421E+0	1.124460E+0
1.0     	19      	7.011989E-1	1.936825E-3	-7.34E-2   	1.00      	69.01 	25.1 	36.0 	5.767712E-1	1.653619E-6 	6.687240E+7	8.924287E+4	-1.911823E+0	6.313742E-4	1.262709E+0	1.121461E+0
1.0     	20      	7.009121E-1	1.547543E-3	-8.25E-2   	1.00      	71.58 	25.1 	36.0 	5.786007E-1	2.107641E-6 	6.682550E+7	8.322524E+4	-1.909197E+0	5.186842E-4	1.262422E+0	1.123291E+0
1.0     	21      	7.005317E-1	1.159006E-3	-4.82E-2   	1.00      	74.15 	25.1 	36.0 	5.737623E-1	2.341149E-6 	6.697997E+7	7.542853E+4	-1.914850E+0	8.263776E-4	1.262042E+0	1.118452E+0
1.0     	22      	7.008550E-1	8.079527E-4	-1.01E-1   	1.00      	76.72 	25.1 	36.0 	5.787617E-1	6.908552E-7 	6.682217E+7	3.155413E+4	-1.908927E+0	1.438066E-3	1.262365E+0	1.123452E+0
1.0     	23      	7.040701E-1	1.346865E-3	-7.60E-2   	1.00      	79.31 	25.1 	36.0 	5.769997E-1	1.612191E-6 	6.678967E+7	7.120283E+4	-1.914723E+0	7.351417E-4	1.265580E+0	1.121690E+0
1.0     	24      	7.059278E-1	1.754113E-3	-4.20E-2   	1.00      	81.87 	25.1 	36.0 	5.761122E-1	1.258286E-6 	6.676713E+7	7.882489E+4	-1.917860E+0	7.133723E-4	1.267438E+0	1.120802E+0
1.0     	25      	6.966605E-1	6.429679E-4	-5.66E-2   	1.00      	84.45 	25.1 	36.0 	5.660017E-1	1.642384E-7 	6.731683E+7	2.405916E+4	-1.920233E+0	7.229338E-4	1.258170E+0	1.110692E+0
1.0     	26      	7.020891E-1	2.983886E-3	-7.56E-2   	1.00      	87.03 	25.1 	36.0 	5.750574E-1	4.792252E-6 	6.690010E+7	1.408044E+5	-1.914953E+0	1.437440E-3	1.263599E+0	1.119747E+0
1.0     	27      	6.958554E-1	7.707924E-4	-5.81E-2   	1.00      	89.59 	25.1 	36.0 	5.661182E-1	9.629535E-7 	6.733487E+7	4.937310E+4	-1.919210E+0	5.556078E-4	1.257365E+0	1.110808E+0
1.0     	28      	6.932475E-1	1.056256E-3	-7.99E-2   	1.00      	92.17 	25.1 	36.0 	5.691611E-1	2.184496E-6 	6.731270E+7	7.296136E+4	-1.912517E+0	6.929165E-4	1.254757E+0	1.113851E+0
1.0     	29      	6.917735E-1	2.225100E-3	-5.13E-2   	1.00      	94.74 	25.1 	36.0 	5.698424E-1	2.340379E-6 	6.733173E+7	9.620563E+4	-1.909990E+0	1.954712E-3	1.253283E+0	1.114532E+0
1.0     	30      	6.950393E-1	1.058633E-3	-8.54E-2   	1.00      	97.33 	25.1 	36.0 	5.699599E-1	1.191678E-6 	6.724057E+7	6.056190E+4	-1.913513E+0	4.214657E-4	1.256549E+0	1.114650E+0
1.0     	31      	6.933014E-1	6.689411E-4	-2.41E-2   	1.00      	99.89 	25.1 	36.0 	5.720794E-1	5.537641E-8 	6.722320E+7	1.272360E+4	-1.908877E+0	1.020212E-3	1.254811E+0	1.116769E+0
1.0     	32      	6.924675E-1	1.416280E-3	-5.82E-2   	1.00      	102.47	25.1 	36.0 	5.713326E-1	3.675328E-7 	6.726807E+7	4.332082E+4	-1.908880E+0	1.729884E-3	1.253977E+0	1.116023E+0
1.0     	33      	6.986949E-1	1.646140E-3	-9.14E-2   	1.00      	105.04	25.1 	36.0 	5.744965E-1	4.891504E-6 	6.700683E+7	1.059214E+5	-1.911887E+0	1.571634E-3	1.260205E+0	1.119186E+0
1.0     	34      	6.965767E-1	1.037098E-3	-5.07E-2   	1.00      	107.62	25.1 	36.0 	5.771810E-1	2.405980E-7 	6.698283E+7	4.063451E+4	-1.906090E+0	7.432362E-4	1.258087E+0	1.121871E+0
1.0     	35      	7.004221E-1	7.616306E-4	-7.90E-2   	1.00      	110.19	25.1 	36.0 	5.714649E-1	3.994849E-7 	6.705173E+7	3.921637E+4	-1.917587E+0	5.773503E-5	1.261932E+0	1.116155E+0
1.0     	36      	6.941529E-1	3.017078E-4	-4.51E-2   	1.00      	112.77	25.1 	36.0 	5.722648E-1	9.716993E-7 	6.719483E+7	2.322635E+4	-1.909603E+0	1.549720E-3	1.255663E+0	1.116955E+0
1.0     	37      	6.945136E-1	1.878281E-3	-4.63E-2   	1.00      	115.33	25.1 	36.0 	5.720116E-1	6.023204E-6 	6.719293E+7	1.148338E+5	-1.910330E+0	2.207419E-3	1.256024E+0	1.116702E+0
1.0     	38      	6.946132E-1	1.125898E-3	-8.16E-2   	1.00      	117.91	25.1 	36.0 	5.692579E-1	1.720960E-6 	6.727317E+7	6.682105E+4	-1.913920E+0	9.273079E-4	1.256123E+0	1.113948E+0
1.0     	39      	6.977205E-1	1.445339E-3	-8.95E-2   	1.00      	120.48	25.1 	36.0 	5.762339E-1	2.301414E-6 	6.698073E+7	8.365509E+4	-1.908597E+0	3.251666E-4	1.259231E+0	1.120924E+0
1.0     	40      	7.014941E-1	7.516508E-4	-7.74E-2   	1.00      	123.05	25.1 	36.0 	5.740928E-1	1.207052E-8 	6.694450E+7	1.694609E+4	-1.915500E+0	9.556673E-4	1.263004E+0	1.118783E+0
1.0     	41      	6.953138E-1	9.775972E-4	-3.50E-2   	1.00      	125.63	25.1 	36.0 	5.666627E-1	8.323523E-7 	6.733287E+7	3.112561E+4	-1.917937E+0	1.801509E-3	1.256824E+0	1.111353E+0
1.0     	42      	6.924727E-1	7.876148E-4	-8.17E-2   	1.00      	128.20	25.1 	35.9 	5.690732E-1	2.008631E-6 	6.733613E+7	5.720580E+4	-1.911757E+0	1.501943E-3	1.253983E+0	1.113763E+0
1.0     	43      	6.928596E-1	1.257733E-3	-9.96E-2   	1.00      	130.77	25.1 	35.9 	5.715193E-1	6.913351E-7 	6.725193E+7	5.860822E+4	-1.909090E+0	4.085340E-4	1.254370E+0	1.116209E+0
1.0     	44      	6.925792E-1	4.268885E-4	-8.32E-2   	1.00      	133.34	25.1 	35.9 	5.694509E-1	3.806715E-7 	6.732183E+7	2.940499E+4	-1.911400E+0	4.036087E-4	1.254089E+0	1.114141E+0
1.0     	45      	6.918807E-1	8.284348E-4	-3.54E-2   	1.00      	135.91	25.1 	35.9 	5.711685E-1	1.470681E-6 	6.728877E+7	5.806224E+4	-1.908427E+0	7.266590E-4	1.253391E+0	1.115858E+0
1.0     	46      	6.968180E-1	1.235671E-3	-9.26E-2   	1.00      	138.48	25.1 	35.9 	5.665554E-1	5.248366E-7 	6.729587E+7	4.933298E+4	-1.919720E+0	1.089725E-3	1.258328E+0	1.111245E+0
1.0     	47      	6.924476E-1	1.057206E-3	-7.72E-2   	1.00      	141.06	25.1 	35.9 	5.673194E-1	1.980676E-6 	6.738990E+7	7.058236E+4	-1.913943E+0	6.839103E-4	1.253958E+0	1.112009E+0
1.0     	48      	6.949822E-1	1.572820E-3	-3.89E-2   	1.00      	143.63	25.1 	35.9 	5.697182E-1	4.698242E-6 	6.724947E+7	1.069863E+5	-1.913753E+0	1.060393E-3	1.256492E+0	1.114408E+0
1.0     	49      	7.052787E-1	9.973849E-4	-6.80E-2   	1.00      	146.21	25.1 	35.9 	5.841926E-1	1.486712E-6 	6.654477E+7	6.120330E+4	-1.907040E+0	6.226556E-4	1.266789E+0	1.128883E+0
1.0     	50      	6.992773E-1	1.212291E-3	-5.21E-2   	1.00      	148.79	25.1 	35.9 	5.741360E-1	5.037435E-6 	6.700213E+7	9.895299E+4	-1.912990E+0	1.528169E-3	1.260787E+0	1.118826E+0
1.0     	51      	6.965951E-1	1.097319E-3	-2.72E-2   	1.00      	151.34	25.1 	35.9 	5.675913E-1	1.770648E-6 	6.727050E+7	6.713978E+4	-1.918193E+0	8.681782E-4	1.258105E+0	1.112281E+0
1.0     	52      	6.939672E-1	7.614559E-4	-5.95E-2   	1.00      	153.92	25.1 	35.9 	5.681334E-1	5.170759E-7 	6.732443E+7	4.075639E+4	-1.914613E+0	4.521430E-4	1.255477E+0	1.112823E+0
1.0     	53      	6.953156E-1	5.304545E-4	-4.47E-2   	1.00      	156.49	25.1 	35.9 	5.699789E-1	9.209416E-8 	6.723257E+7	1.217059E+4	-1.913797E+0	8.548879E-4	1.256826E+0	1.114669E+0
1.0     	54      	6.930735E-1	2.152226E-3	-6.20E-2   	1.00      	159.07	25.1 	35.9 	5.726480E-1	2.338690E-6 	6.721230E+7	1.035306E+5	-1.907893E+0	5.036202E-4	1.254584E+0	1.117338E+0
1.0     	55      	7.012876E-1	2.961151E-3	-7.58E-2   	1.00      	161.63	25.1 	35.9 	5.763384E-1	3.940638E-6 	6.688307E+7	1.351692E+5	-1.912463E+0	1.372382E-3	1.262798E+0	1.121028E+0
1.0     	56      	6.920000E-1	1.073349E-3	-5.32E-2   	1.00      	164.20	25.1 	35.9 	5.716001E-1	5.231516E-8 	6.727253E+7	3.442126E+4	-1.908010E+0	1.012966E-3	1.253510E+0	1.116290E+0
1.0     	57      	6.948942E-1	3.443513E-4	-7.09E-2   	1.00      	166.78	25.1 	35.9 	5.700855E-1	5.794815E-7 	6.724063E+7	3.217862E+4	-1.913193E+0	5.736143E-4	1.256404E+0	1.114776E+0
1.0     	58      	6.931755E-1	1.465860E-3	-6.54E-2   	1.00      	169.35	25.1 	35.9 	5.682348E-1	1.573422E-6 	6.734263E+7	6.280042E+4	-1.913600E+0	1.872325E-3	1.254686E+0	1.112925E+0
1.0     	59      	6.930121E-1	1.251344E-3	-8.83E-2   	1.00      	171.93	25.1 	35.9 	5.680850E-1	2.267685E-6 	6.735157E+7	7.899932E+4	-1.913610E+0	5.377732E-4	1.254522E+0	1.112775E+0
1.0     	60      	6.936317E-1	1.476847E-3	-8.27E-2   	1.00      	174.48	25.1 	35.9 	5.690079E-1	3.493354E-6 	6.730707E+7	9.612546E+4	-1.913140E+0	7.102112E-4	1.255142E+0	1.113698E+0
1.0     	61      	6.937797E-1	9.918014E-4	-5.16E-2   	1.00      	177.06	25.1 	35.9 	5.697388E-1	1.349900E-6 	6.728097E+7	5.830483E+4	-1.912383E+0	9.106225E-4	1.255290E+0	1.114429E+0
1.0     	62      	6.950354E-1	1.898973E-4	-2.83E-2   	1.00      	179.63	25.1 	35.9 	5.679084E-1	1.580873E-7 	6.730260E+7	1.270472E+4	-1.916080E+0	5.534438E-4	1.256545E+0	1.112598E+0
1.0     	63      	6.934625E-1	3.184219E-3	-7.86E-2   	1.00      	182.20	25.1 	35.9 	5.676716E-1	7.265137E-6 	6.735220E+7	1.646174E+5	-1.914630E+0	1.167733E-3	1.254973E+0	1.112362E+0
1.0     	64      	6.941934E-1	1.552574E-3	-4.02E-2   	1.00      	184.77	25.1 	35.9 	5.680770E-1	7.232738E-7 	6.732010E+7	6.060330E+4	-1.914933E+0	1.382980E-3	1.255703E+0	1.112767E+0
1.0     	65      	7.044335E-1	1.506105E-3	-5.50E-2   	1.00      	187.34	25.1 	35.9 	5.850192E-1	5.483717E-6 	6.654270E+7	1.050903E+5	-1.905030E+0	1.719738E-3	1.265944E+0	1.129709E+0
1.0     	66      	6.932622E-1	4.222688E-4	-3.98E-2   	1.00      	189.91	25.1 	35.9 	5.713797E-1	1.354221E-6 	6.724533E+7	2.445206E+4	-1.909720E+0	1.942782E-3	1.254772E+0	1.116070E+0
1.0     	67      	6.946144E-1	8.376897E-4	-5.21E-2   	1.00      	192.49	25.1 	35.9 	5.741572E-1	1.576505E-6 	6.712567E+7	4.642309E+4	-1.907717E+0	1.743110E-3	1.256124E+0	1.118847E+0
1.0     	68      	6.933959E-1	1.192868E-3	-8.64E-2   	1.00      	195.06	25.1 	35.9 	5.728601E-1	1.812100E-6 	6.719723E+7	7.237004E+4	-1.907990E+0	3.746999E-4	1.254906E+0	1.117550E+0
1.0     	69      	6.928021E-1	1.089307E-3	-6.45E-2   	1.00      	197.63	25.1 	35.9 	5.718240E-1	1.082011E-6 	6.724430E+7	5.882992E+4	-1.908637E+0	6.092892E-4	1.254312E+0	1.116514E+0
1.0     	70      	6.919288E-1	8.855544E-4	-7.81E-2   	1.00      	200.20	25.1 	35.9 	5.723056E-1	4.389529E-7 	6.725320E+7	3.713637E+4	-1.907027E+0	9.929921E-4	1.253439E+0	1.116996E+0
1.0     	71      	6.925590E-1	1.416912E-3	-7.95E-2   	1.00      	202.77	25.1 	35.9 	5.730501E-1	1.084467E-6 	6.721393E+7	6.926690E+4	-1.906793E+0	2.891943E-4	1.254069E+0	1.117740E+0
1.0     	72      	6.957035E-1	7.502891E-4	-3.96E-2   	1.00      	205.34	25.1 	35.9 	5.713385E-1	1.380367E-6 	6.718127E+7	5.463280E+4	-1.912520E+0	7.450503E-4	1.257213E+0	1.116028E+0
1.0     	73      	6.920364E-1	1.436426E-3	-4.61E-2   	1.00      	207.92	25.1 	35.9 	5.730800E-1	5.191144E-7 	6.722703E+7	5.893465E+4	-1.906157E+0	8.869235E-4	1.253546E+0	1.117770E+0
1.0     	74      	6.889666E-1	1.224744E-3	-4.65E-2   	1.00      	210.50	25.1 	35.9 	5.699180E-1	6.979664E-6 	6.740500E+7	1.083429E+5	-1.906700E+0	2.395183E-3	1.250477E+0	1.114608E+0
1.0     	75      	6.936018E-1	3.815892E-3	-5.34E-2   	1.00      	213.07	25.1 	35.9 	5.732964E-1	2.896929E-5 	6.717927E+7	2.638890E+5	-1.907667E+0	2.536343E-3	1.255112E+0	1.117986E+0
1.0     	76      	6.923940E-1	5.672978E-4	-3.75E-2   	1.00      	215.65	25.1 	35.9 	5.711572E-1	3.310531E-10	6.727530E+7	1.555667E+4	-1.909023E+0	6.296295E-4	1.253904E+0	1.115847E+0
1.0     	77      	6.896444E-1	7.528589E-4	-8.90E-2   	1.00      	218.22	25.1 	35.9 	5.694986E-1	5.889100E-7 	6.739930E+7	1.934011E+4	-1.908013E+0	1.652917E-3	1.251154E+0	1.114189E+0
1.0     	78      	6.911450E-1	2.297968E-3	-9.74E-2   	1.00      	220.80	25.1 	35.8 	5.702839E-1	4.193773E-6 	6.733533E+7	1.235028E+5	-1.908720E+0	7.937254E-5	1.252655E+0	1.114974E+0
1.0     	79      	6.898857E-1	7.087938E-4	-7.80E-2   	1.00      	223.37	25.1 	35.8 	5.712299E-1	7.592071E-8 	6.734050E+7	1.963746E+4	-1.906070E+0	9.331131E-4	1.251396E+0	1.115920E+0
1.0     	80      	6.961218E-1	1.021075E-3	-6.09E-2   	1.00      	225.94	25.1 	35.8 	5.745665E-1	1.327955E-6 	6.707317E+7	5.977343E+4	-1.908907E+0	7.245228E-4	1.257632E+0	1.119257E+0
1.0     	81      	6.993487E-1	1.267838E-4	-5.88E-2   	1.00      	228.51	25.1 	35.8 	5.818785E-1	5.065300E-8 	6.676950E+7	8.155979E+3	-1.903240E+0	2.910326E-4	1.260859E+0	1.126569E+0
1.0     	82      	6.950726E-1	2.566852E-4	-5.87E-2   	1.00      	231.09	25.1 	35.8 	5.778240E-1	6.908761E-7 	6.700370E+7	1.872004E+4	-1.903540E+0	1.348592E-3	1.256583E+0	1.122514E+0
1.0     	83      	6.939566E-1	3.814986E-4	-4.42E-2   	1.00      	233.66	25.1 	35.8 	5.769226E-1	2.297171E-6 	6.706043E+7	5.499185E+4	-1.903417E+0	1.550946E-3	1.255467E+0	1.121613E+0
1.0     	84      	7.037570E-1	1.904691E-3	-8.34E-2   	1.00      	236.25	25.1 	35.8 	5.850393E-1	4.828513E-6 	6.655990E+7	1.093896E+5	-1.904233E+0	1.631267E-3	1.265267E+0	1.129729E+0
1.0     	85      	6.930698E-1	1.687282E-3	-4.44E-2   	1.00      	238.81	25.1 	35.8 	5.768215E-1	7.126320E-7 	6.708717E+7	7.005714E+4	-1.902523E+0	9.058881E-4	1.254580E+0	1.121512E+0
1.0     	86      	6.932021E-1	5.249466E-4	-5.90E-2   	1.00      	241.39	25.1 	35.8 	5.771521E-1	1.248862E-7 	6.707370E+7	2.458923E+4	-1.902250E+0	1.513275E-4	1.254712E+0	1.121842E+0
1.0     	87      	6.915728E-1	3.823016E-4	-7.78E-2   	1.00      	243.96	25.1 	35.8 	5.766831E-1	6.835678E-7 	6.713133E+7	3.412599E+4	-1.900967E+0	7.152855E-4	1.253083E+0	1.121373E+0
1.0     	88      	6.924216E-1	8.121790E-4	-5.34E-2   	1.00      	246.54	25.1 	35.8 	5.773784E-1	1.597791E-6 	6.708783E+7	5.798080E+4	-1.901050E+0	9.141116E-4	1.253932E+0	1.122068E+0
1.0     	89      	6.910919E-1	2.855580E-3	-5.88E-2   	1.00      	249.11	25.1 	35.8 	5.764297E-1	6.935148E-6 	6.715203E+7	1.551883E+5	-1.900737E+0	1.721434E-4	1.252602E+0	1.121120E+0
1.0     	90      	6.908309E-1	2.904698E-3	-5.19E-2   	1.00      	251.69	25.1 	35.8 	5.775721E-1	6.456482E-6 	6.712483E+7	1.540018E+5	-1.898940E+0	9.848858E-5	1.252341E+0	1.122262E+0
1.0     	91      	6.918610E-1	1.271367E-3	-5.18E-2   	1.00      	254.24	25.1 	35.8 	5.768425E-1	1.086382E-6 	6.711887E+7	5.875375E+4	-1.901093E+0	1.239287E-3	1.253371E+0	1.121533E+0
1.0     	92      	6.911306E-1	7.678536E-4	-7.26E-2   	1.00      	256.82	25.1 	35.8 	5.751227E-1	4.000785E-6 	6.719000E+7	7.633302E+4	-1.902477E+0	2.041209E-3	1.252641E+0	1.119813E+0
1.0     	93      	6.945003E-1	1.036258E-3	-7.71E-2   	1.00      	259.39	25.1 	35.8 	5.749992E-1	2.665823E-6 	6.710350E+7	7.615399E+4	-1.906513E+0	9.669712E-4	1.256010E+0	1.119689E+0
1.0     	94      	6.923300E-1	1.261113E-3	-8.98E-2   	1.00      	261.97	25.1 	35.8 	5.751424E-1	4.803491E-6 	6.715730E+7	9.954140E+4	-1.903840E+0	1.374773E-3	1.253840E+0	1.119832E+0
1.0     	95      	6.922281E-1	4.767920E-4	-5.95E-2   	1.00      	264.55	25.1 	35.8 	5.735549E-1	1.019485E-6 	6.720760E+7	3.841107E+4	-1.905767E+0	1.125004E-3	1.253738E+0	1.118245E+0
1.0     	96      	6.942873E-1	2.716217E-3	-6.42E-2   	1.00      	267.13	25.1 	35.8 	5.744260E-1	6.356759E-6 	6.712653E+7	1.467952E+5	-1.907003E+0	9.157147E-4	1.255797E+0	1.119116E+0
1.0     	97      	6.962104E-1	4.735198E-4	-4.96E-2   	1.00      	269.70	25.1 	35.8 	5.773167E-1	3.131577E-6 	6.698857E+7	6.465457E+4	-1.905497E+0	1.778801E-3	1.257720E+0	1.122007E+0
1.0     	98      	6.927709E-1	1.817988E-3	-4.74E-2   	1.00      	272.27	25.1 	35.8 	5.744564E-1	7.021716E-6 	6.716613E+7	1.259984E+5	-1.905230E+0	1.682231E-3	1.254281E+0	1.119146E+0
1.0     	99      	6.928924E-1	9.794315E-4	-7.36E-2   	1.00      	274.85	25.1 	35.8 	5.747187E-1	4.159220E-7 	6.715487E+7	4.530544E+4	-1.905033E+0	3.617089E-4	1.254402E+0	1.119409E+0
1.0     	100     	6.953788E-1	1.492143E-3	-4.23E-2   	1.00      	277.43	25.1 	35.8 	5.752804E-1	8.897874E-7 	6.707160E+7	4.814634E+4	-1.907150E+0	2.106585E-3	1.256889E+0	1.119970E+0
1.0     	101     	6.928057E-1	1.333985E-3	-5.15E-2   	1.00      	279.99	25.1 	35.8 	5.758646E-1	1.648234E-6 	6.712287E+7	6.057230E+4	-1.903453E+0	1.848792E-3	1.254316E+0	1.120555E+0
1.0     	102     	6.925419E-1	1.357349E-3	-5.45E-2   	1.00      	282.57	25.1 	35.8 	5.758271E-1	4.137943E-6 	6.713110E+7	9.559325E+4	-1.903200E+0	1.307708E-3	1.254052E+0	1.120517E+0
1.0     	103     	6.944164E-1	1.055770E-3	-6.04E-2   	1.00      	285.14	25.1 	35.8 	5.708606E-1	3.858752E-7 	6.723007E+7	4.102637E+4	-1.911680E+0	1.039279E-3	1.255926E+0	1.115551E+0
1.0     	104     	6.950686E-1	1.158608E-3	-3.90E-2   	1.00      	287.71	25.1 	35.8 	5.726416E-1	9.994150E-7 	6.715903E+7	3.882078E+4	-1.910157E+0	1.988978E-3	1.256579E+0	1.117332E+0
1.0     	105     	6.924673E-1	8.552935E-4	-4.55E-2   	1.00      	290.28	25.1 	35.8 	5.763508E-1	2.741403E-7 	6.711733E+7	3.849225E+4	-1.902437E+0	3.308071E-4	1.253977E+0	1.121041E+0
1.0     	106     	6.925545E-1	1.937874E-3	-5.93E-2   	1.00      	292.84	25.1 	35.8 	5.764701E-1	4.222133E-6 	6.711153E+7	1.052961E+5	-1.902380E+0	1.873846E-3	1.254064E+0	1.121160E+0
1.0     	107     	6.945317E-1	2.156012E-3	-3.90E-2   	1.00      	295.41	25.1 	35.8 	5.711322E-1	3.288974E-6 	6.721890E+7	1.104632E+5	-1.911467E+0	8.483120E-4	1.256042E+0	1.115822E+0
1.0     	108     	6.920286E-1	2.032344E-3	-5.61E-2   	1.00      	297.98	25.1 	35.8 	5.749230E-1	5.244660E-6 	6.717200E+7	1.229154E+5	-1.903777E+0	6.542426E-4	1.253539E+0	1.119613E+0
1.0     	109     	6.934831E-1	1.486626E-3	-8.40E-2   	1.00      	300.56	25.1 	35.8 	5.729506E-1	4.345299E-6 	6.719223E+7	1.023546E+5	-1.907973E+0	9.729508E-4	1.254993E+0	1.117641E+0
1.0     	110     	6.918708E-1	4.869539E-4	-6.05E-2   	1.00      	303.13	25.1 	35.8 	5.747452E-1	1.087692E-6 	6.718143E+7	4.215262E+4	-1.903823E+0	9.835819E-4	1.253381E+0	1.119435E+0
1.0     	111     	6.931169E-1	3.957475E-4	-4.90E-2   	1.00      	305.70	25.1 	35.8 	5.717165E-1	1.191130E-7 	6.723907E+7	6.616142E+3	-1.909130E+0	8.425556E-4	1.254627E+0	1.116407E+0
1.0     	112     	6.937788E-1	5.429097E-4	-5.50E-2   	1.00      	308.27	25.1 	35.7 	5.753171E-1	1.023776E-7 	6.711320E+7	8.150460E+3	-1.905280E+0	9.941328E-4	1.255289E+0	1.120007E+0
1.0     	113     	6.983070E-1	2.073499E-3	-6.05E-2   	1.00      	310.84	25.1 	35.7 	5.801159E-1	1.067620E-7 	6.684947E+7	6.423257E+4	-1.904303E+0	1.978846E-3	1.259817E+0	1.124806E+0
1.0     	114     	6.943967E-1	1.812404E-3	-7.31E-2   	1.00      	313.41	25.1 	35.7 	5.752344E-1	1.409765E-6 	6.709923E+7	8.387838E+4	-1.906093E+0	5.612783E-4	1.255907E+0	1.119924E+0
1.0     	115     	6.941442E-1	1.186076E-3	-5.12E-2   	1.00      	315.99	25.1 	35.7 	5.751638E-1	1.777100E-6 	6.710807E+7	6.079575E+4	-1.905893E+0	1.658443E-3	1.255654E+0	1.119854E+0
1.0     	116     	7.049558E-1	9.203087E-4	-5.78E-2   	1.00      	318.55	25.1 	35.7 	5.837019E-1	5.376184E-7 	6.656770E+7	4.252329E+4	-1.907297E+0	7.414400E-4	1.266466E+0	1.128392E+0
1.0     	117     	6.917190E-1	2.067550E-3	-3.93E-2   	1.00      	321.13	25.1 	35.7 	5.735497E-1	2.960681E-6 	6.722150E+7	1.067781E+5	-1.905190E+0	4.618441E-4	1.253229E+0	1.118240E+0
1.0     	118     	6.909528E-1	2.514308E-3	-6.30E-2   	1.00      	323.69	25.1 	35.7 	5.728158E-1	3.152498E-6 	6.726417E+7	1.195703E+5	-1.905253E+0	9.808330E-4	1.252463E+0	1.117506E+0
1.0     	119     	6.889537E-1	1.903026E-3	-8.80E-2   	1.00      	326.27	25.1 	35.7 	5.725752E-1	4.889191E-7 	6.732507E+7	6.973839E+4	-1.903257E+0	1.538322E-3	1.250464E+0	1.117265E+0
1.0     	120     	6.904981E-1	2.428764E-3	-4.71E-2   	1.00      	328.84	25.1 	35.7 	5.755292E-1	2.883344E-6 	6.719483E+7	1.104729E+5	-1.901213E+0	1.669201E-3	1.252008E+0	1.120219E+0
1.0     	121     	6.894111E-1	1.348914E-3	-5.77E-2   	1.00      	331.42	25.1 	35.7 	5.732426E-1	4.016703E-6 	6.729270E+7	9.300070E+4	-1.902923E+0	1.524281E-3	1.250921E+0	1.117933E+0
1.0     	122     	6.905913E-1	8.696503E-4	-4.36E-2   	1.00      	333.99	25.1 	35.7 	5.750766E-1	4.114959E-7 	6.720580E+7	3.915444E+4	-1.901913E+0	7.464806E-4	1.252101E+0	1.119767E+0
1.0     	123     	6.893487E-1	1.141287E-3	-8.81E-2   	1.00      	336.56	25.1 	35.7 	5.716856E-1	9.410189E-7 	6.734123E+7	5.957494E+4	-1.904867E+0	2.950141E-4	1.250859E+0	1.116376E+0
1.0     	124     	6.906809E-1	3.303164E-3	-5.91E-2   	1.00      	339.13	25.1 	35.7 	5.730571E-1	6.549577E-6 	6.726433E+7	1.650229E+5	-1.904630E+0	7.842831E-4	1.252191E+0	1.117747E+0
1.0     	125     	6.931329E-1	8.098281E-4	-7.87E-2   	1.00      	341.70	25.1 	35.7 	5.717594E-1	1.039183E-6 	6.723737E+7	4.684766E+4	-1.909093E+0	1.060864E-3	1.254643E+0	1.116449E+0
1.0     	126     	6.908287E-1	2.419145E-3	-6.25E-2   	1.00      	344.27	25.1 	35.7 	5.716288E-1	2.452720E-6 	6.730323E+7	1.114904E+5	-1.906637E+0	9.537994E-4	1.252339E+0	1.116319E+0
1.0     	127     	6.919237E-1	1.658754E-3	-7.10E-2   	1.00      	346.84	25.1 	35.7 	5.728205E-1	4.284241E-7 	6.723787E+7	6.412662E+4	-1.906360E+0	1.068597E-3	1.253434E+0	1.117511E+0
1.0     	128     	6.925055E-1	2.075255E-3	-6.85E-2   	1.00      	349.41	25.1 	35.7 	5.719805E-1	3.975658E-6 	6.724763E+7	1.142639E+5	-1.908100E+0	7.727225E-4	1.254015E+0	1.116671E+0
1.0     	129     	6.958622E-1	3.008595E-3	-7.35E-2   	1.00      	351.98	25.1 	35.7 	5.720455E-1	2.866496E-6 	6.715590E+7	1.312407E+5	-1.911803E+0	1.267452E-3	1.257372E+0	1.116736E+0
1.0     	130     	6.918421E-1	1.388165E-3	-6.56E-2   	1.00      	354.56	25.1 	35.7 	5.738619E-1	2.153569E-6 	6.720877E+7	8.103989E+4	-1.904930E+0	3.994997E-4	1.253352E+0	1.118552E+0
1.0     	131     	6.946348E-1	1.199683E-3	-5.63E-2   	1.00      	357.13	25.1 	35.7 	5.709633E-1	2.308726E-6 	6.722117E+7	7.758133E+4	-1.911797E+0	6.504101E-4	1.256145E+0	1.115653E+0
1.0     	132     	6.937278E-1	1.300100E-3	-6.25E-2   	1.00      	359.70	25.1 	35.7 	5.732443E-1	1.406068E-6 	6.717680E+7	7.035460E+4	-1.907877E+0	1.418920E-4	1.255238E+0	1.117934E+0
1.0     	133     	6.916674E-1	1.781161E-3	-8.84E-2   	1.00      	362.27	25.1 	35.7 	5.710904E-1	2.476140E-6 	6.729690E+7	9.288773E+4	-1.908283E+0	8.936629E-4	1.253177E+0	1.115780E+0
1.0     	134     	6.899173E-1	1.482170E-4	-7.49E-2   	1.00      	364.84	25.1 	35.7 	5.731862E-1	2.083053E-7 	6.728070E+7	1.268345E+4	-1.903583E+0	6.772247E-4	1.251427E+0	1.117876E+0
1.0     	135     	6.916628E-1	9.019634E-4	-3.25E-2   	1.00      	367.41	25.1 	35.7 	5.745857E-1	6.767527E-7 	6.719180E+7	4.873725E+4	-1.903790E+0	1.652271E-4	1.253173E+0	1.119276E+0
1.0     	136     	6.928539E-1	1.323946E-3	-8.75E-2   	1.00      	369.98	25.1 	35.7 	5.717835E-1	8.533473E-7 	6.724413E+7	6.129309E+4	-1.908747E+0	7.457435E-4	1.254364E+0	1.116473E+0
1.0     	137     	6.919356E-1	8.426617E-4	-5.58E-2   	1.00      	372.57	25.1 	35.7 	5.715305E-1	6.279544E-7 	6.727637E+7	4.369718E+4	-1.908027E+0	6.767816E-4	1.253446E+0	1.116220E+0
1.0     	138     	6.879868E-1	9.166864E-4	-6.70E-2   	1.00      	375.13	25.1 	35.7 	5.730177E-1	9.020843E-8 	6.733773E+7	2.329750E+4	-1.901560E+0	1.252837E-3	1.249497E+0	1.117708E+0
1.0     	139     	6.906716E-1	4.551717E-4	-6.24E-2   	1.00      	377.71	25.1 	35.7 	5.746323E-1	4.033928E-9 	6.721697E+7	1.158893E+4	-1.902583E+0	5.651843E-4	1.252182E+0	1.119322E+0
1.0     	140     	6.915955E-1	4.687745E-4	-5.54E-2   	1.00      	380.28	25.1 	35.7 	5.716128E-1	2.171651E-6 	6.728303E+7	5.701055E+4	-1.907533E+0	1.350790E-3	1.253105E+0	1.116303E+0
1.0     	141     	6.903506E-1	1.360871E-3	-7.49E-2   	1.00      	382.85	25.1 	35.7 	5.715312E-1	2.245895E-6 	6.731897E+7	8.168135E+4	-1.906217E+0	4.254801E-4	1.251861E+0	1.116221E+0
1.0     	142     	6.921934E-1	1.400087E-3	-8.38E-2   	1.00      	385.44	25.1 	35.7 	5.703544E-1	7.240664E-7 	6.730493E+7	5.820733E+4	-1.909817E+0	1.159325E-3	1.253703E+0	1.115044E+0
1.0     	143     	6.969696E-1	1.372959E-2	-5.51E-2   	1.00      	388.00	25.1 	35.7 	5.768153E-1	1.464639E-4 	6.698850E+7	7.220948E+5	-1.907003E+0	8.656982E-4	1.258480E+0	1.121505E+0
1.0     	144     	6.925032E-1	8.960888E-4	-8.16E-2   	1.00      	390.46	25.1 	35.6 	5.694487E-1	1.627039E-6 	6.732397E+7	5.952985E+4	-1.911317E+0	1.010264E-3	1.254013E+0	1.114139E+0
1.0     	145     	6.945062E-1	1.341520E-3	-6.93E-2   	1.00      	393.04	25.1 	35.6 	5.718416E-1	2.491372E-6 	6.719817E+7	7.959814E+4	-1.910540E+0	1.158836E-3	1.256016E+0	1.116532E+0
1.0     	146     	6.939648E-1	3.706832E-4	-2.91E-2   	1.00      	395.61	25.1 	35.6 	5.719756E-1	5.317973E-7 	6.720857E+7	2.958451E+4	-1.909760E+0	7.114071E-4	1.255475E+0	1.116666E+0
1.0     	147     	6.899585E-1	8.012487E-4	-6.53E-2   	1.00      	398.19	25.1 	35.6 	5.705139E-1	6.373453E-7 	6.736017E+7	4.261600E+4	-1.907073E+0	7.051477E-4	1.251469E+0	1.115204E+0
1.0     	148     	6.942710E-1	9.208465E-4	-5.48E-2   	1.00      	400.76	25.1 	35.6 	5.734306E-1	2.006859E-7 	6.715663E+7	1.764379E+4	-1.908253E+0	1.506829E-3	1.255781E+0	1.118121E+0
1.0     	149     	6.938600E-1	1.397000E-4	-6.22E-2   	1.00      	403.32	25.1 	35.6 	5.724643E-1	4.796265E-7 	6.719667E+7	2.163015E+4	-1.909020E+0	8.753856E-4	1.255370E+0	1.117154E+0
1.0     	150     	6.915341E-1	7.989092E-4	-5.61E-2   	1.00      	405.89	25.1 	35.6 	5.715490E-1	1.943986E-6 	6.728660E+7	5.207869E+4	-1.907543E+0	1.769529E-3	1.253044E+0	1.116239E+0
1.0     	151     	6.898076E-1	1.037006E-3	-5.77E-2   	1.00      	408.47	25.1 	35.6 	5.740653E-1	8.439220E-7 	6.725723E+7	5.296530E+4	-1.902317E+0	7.138861E-4	1.251318E+0	1.118755E+0
1.0     	152     	6.886463E-1	6.915344E-4	-5.53E-2   	1.00      	411.05	25.1 	35.6 	5.739673E-1	6.298205E-7 	6.729140E+7	4.233946E+4	-1.901093E+0	2.759227E-4	1.250156E+0	1.118657E+0
1.0     	153     	6.953684E-1	1.011833E-3	-5.71E-2   	1.00      	413.63	25.1 	35.6 	5.763984E-1	2.053439E-6 	6.703843E+7	5.755974E+4	-1.905710E+0	1.821565E-3	1.256878E+0	1.121088E+0
1.0     	154     	6.943333E-1	1.178611E-3	-6.58E-2   	1.00      	416.19	25.1 	35.6 	5.797783E-1	2.442880E-6 	6.696520E+7	7.275115E+4	-1.900153E+0	1.385364E-3	1.255843E+0	1.124468E+0
1.0     	155     	6.966825E-1	5.307795E-4	-7.80E-2   	1.00      	418.76	25.1 	35.6 	5.768140E-1	4.513732E-7 	6.699097E+7	3.167402E+4	-1.906680E+0	6.062178E-4	1.258192E+0	1.121504E+0
1.0     	156     	6.948335E-1	3.527904E-4	-3.82E-2   	1.00      	421.34	25.1 	35.6 	5.750308E-1	2.681582E-6 	6.709363E+7	5.343616E+4	-1.906850E+0	1.970685E-3	1.256344E+0	1.119721E+0
1.0     	157     	7.005952E-1	5.180353E-3	-4.78E-2   	1.00      	423.91	25.1 	35.6 	5.810791E-1	1.018159E-4 	6.676223E+7	4.342848E+5	-1.905667E+0	7.029881E-3	1.262105E+0	1.125769E+0
1.0     	158     	6.943168E-1	1.081778E-3	-6.34E-2   	1.00      	426.49	25.1 	35.6 	5.779853E-1	9.941121E-7 	6.701907E+7	5.184345E+4	-1.902460E+0	1.187097E-3	1.255827E+0	1.122675E+0
1.0     	159     	6.962881E-1	8.439568E-4	-6.77E-2   	1.00      	429.06	25.1 	35.6 	5.754796E-1	2.804288E-7 	6.704137E+7	3.480939E+4	-1.907933E+0	7.397522E-4	1.257798E+0	1.120170E+0
1.0     	160     	6.965240E-1	8.432978E-4	-5.22E-2   	1.00      	431.63	25.1 	35.6 	5.755001E-1	2.282438E-6 	6.703450E+7	6.158953E+4	-1.908173E+0	1.537834E-3	1.258034E+0	1.120190E+0
1.0     	161     	6.977081E-1	1.884537E-3	-7.49E-2   	1.00      	434.21	25.1 	35.5 	5.761771E-1	6.846042E-8 	6.698273E+7	5.663359E+4	-1.908650E+0	1.866307E-3	1.259218E+0	1.120867E+0
1.0     	162     	6.955860E-1	8.379101E-4	-6.99E-2   	1.00      	436.78	25.1 	35.5 	5.763225E-1	2.010783E-7 	6.703487E+7	1.699127E+4	-1.906057E+0	1.400298E-3	1.257096E+0	1.121012E+0
1.0     	163     	6.961470E-1	9.635765E-4	-5.72E-2   	1.00      	439.35	25.1 	35.5 	5.763176E-1	4.351670E-7 	6.702007E+7	3.753936E+4	-1.906703E+0	1.120015E-3	1.257657E+0	1.121008E+0
1.0     	164     	6.992741E-1	1.142154E-3	-5.27E-2   	1.00      	441.92	25.1 	35.5 	5.748161E-1	1.375218E-6 	6.698180E+7	6.541468E+4	-1.912133E+0	2.020726E-4	1.260784E+0	1.119506E+0
1.0     	165     	6.951797E-1	1.427765E-3	-5.64E-2   	1.00      	444.50	25.1 	35.5 	5.765646E-1	1.034035E-6 	6.703850E+7	6.642161E+4	-1.905283E+0	7.849416E-4	1.256690E+0	1.121255E+0
1.0     	166     	6.944866E-1	1.754731E-3	-6.17E-2   	1.00      	447.06	25.1 	35.5 	5.781863E-1	9.596987E-7 	6.700857E+7	7.608695E+4	-1.902397E+0	7.629111E-4	1.255997E+0	1.122876E+0
1.0     	167     	6.946675E-1	6.143051E-4	-6.02E-2   	1.00      	449.64	25.1 	35.5 	5.785052E-1	1.666465E-6 	6.699420E+7	5.136643E+4	-1.902193E+0	1.273591E-3	1.256178E+0	1.123195E+0
1.0     	168     	6.959831E-1	2.313244E-3	-6.92E-2   	1.00      	452.21	25.1 	35.5 	5.767033E-1	5.427932E-7 	6.701297E+7	8.306144E+4	-1.906020E+0	1.753511E-3	1.257493E+0	1.121393E+0
1.0     	169     	6.953510E-1	1.362465E-3	-7.49E-2   	1.00      	454.79	25.1 	35.5 	5.759530E-1	4.293456E-7 	6.705220E+7	4.201226E+4	-1.906260E+0	1.732253E-3	1.256861E+0	1.120643E+0
1.0     	170     	6.918668E-1	1.549168E-3	-6.52E-2   	1.00      	457.37	25.1 	35.5 	5.765433E-1	2.490391E-6 	6.712770E+7	7.641407E+4	-1.901487E+0	1.976976E-3	1.253377E+0	1.121233E+0
1.0     	171     	6.927710E-1	2.297181E-3	-4.38E-2   	1.00      	459.95	25.1 	35.5 	5.783415E-1	4.368460E-6 	6.704983E+7	1.215950E+5	-1.900203E+0	1.000267E-3	1.254281E+0	1.123032E+0
1.0     	172     	6.967487E-1	1.845927E-3	-4.74E-2   	1.00      	462.50	25.1 	35.5 	5.775460E-1	2.521720E-6 	6.696743E+7	9.642367E+4	-1.905820E+0	8.185353E-5	1.258259E+0	1.122236E+0
1.0     	173     	6.961313E-1	9.977388E-4	-6.02E-2   	1.00      	465.08	25.1 	35.5 	5.733897E-1	1.126761E-6 	6.710820E+7	5.761276E+4	-1.910410E+0	4.757100E-4	1.257641E+0	1.118080E+0
1.0     	174     	6.959676E-1	1.189719E-3	-7.12E-2   	1.00      	467.65	25.1 	35.5 	5.798499E-1	8.153464E-9 	6.691950E+7	3.383534E+4	-1.901957E+0	1.285159E-3	1.257478E+0	1.124540E+0
1.0     	175     	6.946912E-1	1.732635E-3	-6.98E-2   	1.00      	470.22	25.1 	35.5 	5.786612E-1	2.256482E-6 	6.698897E+7	9.091239E+4	-1.902020E+0	7.000000E-5	1.256201E+0	1.123351E+0
1.0     	176     	6.959816E-1	1.920233E-4	-4.39E-2   	1.00      	472.80	25.1 	35.5 	5.758003E-1	4.797531E-7 	6.703993E+7	2.461307E+4	-1.907177E+0	7.450056E-4	1.257492E+0	1.120490E+0
1.0     	177     	6.994213E-1	1.588730E-3	-5.51E-2   	1.00      	475.38	25.1 	35.5 	5.777526E-1	3.070913E-6 	6.689027E+7	9.219118E+4	-1.908590E+0	9.539392E-4	1.260931E+0	1.122443E+0
1.0     	178     	6.969618E-1	1.655372E-3	-6.03E-2   	1.00      	477.94	25.1 	35.5 	5.771541E-1	1.636844E-6 	6.697343E+7	8.088846E+4	-1.906563E+0	6.709943E-4	1.258472E+0	1.121844E+0
1.0     	179     	6.943581E-1	2.074563E-4	-5.17E-2   	1.00      	480.51	25.1 	35.5 	5.790003E-1	5.068753E-7 	6.698767E+7	1.579061E+4	-1.901193E+0	1.161091E-3	1.255868E+0	1.123690E+0
1.0     	180     	6.960485E-1	2.129931E-3	-5.79E-2   	1.00      	483.08	25.1 	35.5 	5.783916E-1	6.811896E-7 	6.696083E+7	8.125345E+4	-1.903930E+0	1.386975E-3	1.257558E+0	1.123082E+0
1.0     	181     	6.936125E-1	1.268914E-3	-6.32E-2   	1.00      	485.65	25.1 	35.5 	5.780434E-1	4.460269E-6 	6.703620E+7	9.679396E+4	-1.901570E+0	1.281054E-3	1.255123E+0	1.122733E+0
1.0     	182     	6.956182E-1	1.529821E-3	-5.78E-2   	1.00      	488.22	25.1 	35.5 	5.766490E-1	3.662255E-6 	6.702433E+7	9.540977E+4	-1.905677E+0	1.174110E-3	1.257128E+0	1.121339E+0
1.0     	183     	6.938015E-1	9.738028E-4	-6.91E-2   	1.00      	490.80	25.1 	35.5 	5.791602E-1	3.063997E-6 	6.699780E+7	7.032581E+4	-1.900337E+0	1.871292E-3	1.255311E+0	1.123850E+0
1.0     	184     	6.944054E-1	1.835798E-3	-6.28E-2   	1.00      	493.37	25.1 	35.5 	5.749176E-1	3.627641E-6 	6.710853E+7	1.061620E+5	-1.906510E+0	3.451087E-4	1.255915E+0	1.119608E+0
1.0     	185     	6.935561E-1	2.547940E-3	-5.55E-2   	1.00      	495.94	25.1 	35.5 	5.750970E-1	3.652483E-6 	6.712590E+7	1.232612E+5	-1.905307E+0	1.073421E-3	1.255066E+0	1.119787E+0
1.0     	186     	6.933697E-1	4.064256E-4	-3.24E-2   	1.00      	498.51	25.1 	35.5 	5.805381E-1	3.469864E-7 	6.696823E+7	2.800042E+4	-1.898037E+0	3.555747E-4	1.254880E+0	1.125228E+0
1.0     	187     	6.929324E-1	4.352863E-4	-6.31E-2   	1.00      	501.08	25.1 	35.5 	5.808115E-1	8.044529E-8 	6.697177E+7	6.660581E+3	-1.897163E+0	8.464238E-4	1.254442E+0	1.125502E+0
1.0     	188     	6.952391E-1	1.968584E-3	-5.05E-2   	1.00      	503.66	25.1 	35.5 	5.751822E-1	2.803110E-6 	6.707833E+7	9.894445E+4	-1.907120E+0	1.163228E-3	1.256749E+0	1.119872E+0
1.0     	189     	6.929346E-1	1.240880E-3	-6.48E-2   	1.00      	506.22	25.1 	35.5 	5.788868E-1	2.276387E-6 	6.702910E+7	7.329850E+4	-1.899683E+0	1.288112E-3	1.254445E+0	1.123577E+0
1.0     	190     	6.942779E-1	2.541320E-4	-5.22E-2   	1.00      	508.81	25.1 	35.5 	5.794246E-1	6.869106E-7 	6.697717E+7	3.126985E+4	-1.900550E+0	7.967434E-4	1.255788E+0	1.124115E+0
1.0     	191     	6.952448E-1	1.274991E-3	-6.21E-2   	1.00      	511.38	25.1 	35.5 	5.754938E-1	1.455414E-6 	6.706880E+7	7.008224E+4	-1.906730E+0	1.637071E-4	1.256755E+0	1.120184E+0
1.0     	192     	6.959091E-1	5.639652E-4	-3.68E-2   	1.00      	513.96	25.1 	35.5 	5.753928E-1	6.380982E-7 	6.705407E+7	3.101892E+4	-1.907613E+0	1.072256E-3	1.257419E+0	1.120083E+0
1.0     	193     	6.950599E-1	1.548493E-3	-5.30E-2   	1.00      	516.51	25.1 	35.5 	5.803040E-1	1.678078E-6 	6.693020E+7	7.813188E+4	-1.900317E+0	7.031595E-4	1.256570E+0	1.124994E+0
1.0     	194     	6.950344E-1	6.444680E-4	-7.55E-2   	1.00      	519.08	25.1 	35.5 	5.760475E-1	2.682411E-8 	6.705780E+7	1.230163E+4	-1.905780E+0	9.471536E-4	1.256544E+0	1.120737E+0
1.0     	195     	6.931225E-1	8.534593E-4	-6.31E-2   	1.00      	521.65	25.1 	35.5 	5.785488E-1	1.134803E-6 	6.703413E+7	5.064754E+4	-1.900343E+0	9.704295E-4	1.254632E+0	1.123239E+0
1.0     	196     	6.931047E-1	1.793752E-3	-5.69E-2   	1.00      	524.22	25.1 	35.5 	5.779034E-1	2.449631E-6 	6.705393E+7	8.777393E+4	-1.901160E+0	1.540292E-3	1.254615E+0	1.122593E+0
1.0     	197     	6.951104E-1	1.598411E-3	-3.18E-2   	1.00      	526.80	25.1 	35.5 	5.773976E-1	1.101488E-6 	6.701547E+7	7.279467E+4	-1.904133E+0	7.500889E-4	1.256620E+0	1.122088E+0
1.0     	198     	6.935784E-1	7.275720E-4	-5.33E-2   	1.00      	529.37	25.1 	35.5 	5.806154E-1	8.099802E-8 	6.696037E+7	2.740298E+4	-1.898180E+0	5.307542E-4	1.255088E+0	1.125305E+0
1.0     	199     	6.932632E-1	1.315152E-3	-6.07E-2   	1.00      	531.96	25.1 	35.5 	5.803530E-1	1.793173E-6 	6.697663E+7	7.259961E+4	-1.898153E+0	8.393648E-4	1.254773E+0	1.125043E+0
1.0     	200     	6.949735E-1	1.586835E-3	-2.28E-2   	1.00      	534.53	25.1 	35.5 	5.784954E-1	1.717693E-9 	6.698633E+7	4.352532E+4	-1.902557E+0	1.781497E-3	1.256483E+0	1.123185E+0
1.0     	201     	6.952838E-1	5.546206E-4	-6.24E-2   	1.00      	537.11	25.1 	35.5 	5.776565E-1	6.863476E-8 	6.700307E+7	2.035346E+4	-1.904000E+0	5.197115E-4	1.256794E+0	1.122346E+0
1.0     	202     	6.930664E-1	1.958447E-3	-5.27E-2   	1.00      	539.69	25.1 	35.5 	5.804001E-1	5.054136E-6 	6.698057E+7	1.159685E+5	-1.897860E+0	1.355028E-3	1.254576E+0	1.125090E+0
1.0     	203     	6.943514E-1	1.080235E-3	-4.52E-2   	1.00      	542.25	25.1 	35.5 	5.786765E-1	1.446780E-6 	6.699753E+7	6.414993E+4	-1.901607E+0	4.819059E-4	1.255861E+0	1.123366E+0
1.0     	204     	6.952640E-1	8.286044E-4	-8.35E-2   	1.00      	544.82	25.1 	35.5 	5.775566E-1	5.523310E-6 	6.700667E+7	9.216205E+4	-1.904103E+0	2.075098E-3	1.256774E+0	1.122247E+0
1.0     	205     	6.958592E-1	9.210299E-4	-7.87E-2   	1.00      	547.39	25.1 	35.5 	5.755139E-1	1.489886E-6 	6.705180E+7	6.079704E+4	-1.907403E+0	5.672154E-4	1.257369E+0	1.120204E+0
1.0     	206     	6.930600E-1	1.858263E-3	-4.88E-2   	1.00      	549.96	25.1 	35.5 	5.789578E-1	7.303638E-7 	6.702363E+7	7.515400E+4	-1.899737E+0	1.056851E-3	1.254570E+0	1.123648E+0
1.0     	207     	6.936784E-1	2.304272E-3	-5.06E-2   	1.00      	552.54	25.1 	35.5 	5.794023E-1	4.684115E-6 	6.699397E+7	1.237934E+5	-1.899880E+0	1.009505E-3	1.255188E+0	1.124092E+0
1.0     	208     	6.946376E-1	3.245598E-3	-5.01E-2   	1.00      	555.11	25.1 	35.5 	5.768015E-1	8.542620E-6 	6.704613E+7	1.717517E+5	-1.904357E+0	1.189342E-3	1.256148E+0	1.121491E+0
1.0     	209     	6.949200E-1	1.462551E-3	-8.98E-2   	1.00      	557.69	25.1 	35.5 	5.798189E-1	4.285198E-7 	6.694833E+7	5.813453E+4	-1.900783E+0	8.914221E-4	1.256430E+0	1.124509E+0
1.0     	210     	6.934690E-1	1.929567E-3	-7.56E-2   	1.00      	560.26	25.1 	35.5 	5.755524E-1	4.744924E-6 	6.711457E+7	1.167646E+5	-1.904623E+0	5.879059E-4	1.254979E+0	1.120242E+0
1.0     	211     	6.940686E-1	6.253489E-4	-6.52E-2   	1.00      	562.84	25.1 	35.5 	5.766643E-1	2.535591E-8 	6.706513E+7	1.940215E+4	-1.903880E+0	6.495383E-4	1.255579E+0	1.121354E+0
1.0     	212     	6.941967E-1	7.792850E-4	-5.32E-2   	1.00      	565.42	25.1 	35.5 	5.792487E-1	7.466863E-8 	6.698457E+7	2.242974E+4	-1.900683E+0	9.696563E-4	1.255707E+0	1.123939E+0
1.0     	213     	6.910434E-1	4.323131E-4	-4.69E-2   	1.00      	567.98	25.1 	35.4 	5.799755E-1	8.484723E-7 	6.704717E+7	3.900158E+4	-1.896033E+0	7.049350E-4	1.252553E+0	1.124666E+0
1.0     	214     	6.944509E-1	1.860459E-3	-3.85E-2   	1.00      	570.56	25.1 	35.4 	5.794353E-1	1.166635E-7 	6.697227E+7	5.921624E+4	-1.900733E+0	1.751837E-3	1.255961E+0	1.124125E+0
1.0     	215     	6.940133E-1	7.546526E-4	-5.52E-2   	1.00      	573.14	25.1 	35.4 	5.791707E-1	1.211480E-6 	6.699180E+7	4.011346E+4	-1.900570E+0	1.605584E-3	1.255523E+0	1.123861E+0
1.0     	216     	6.919162E-1	2.970710E-3	-6.53E-2   	1.00      	575.71	25.1 	35.4 	5.801782E-1	6.316703E-6 	6.701800E+7	1.522965E+5	-1.896797E+0	1.090245E-3	1.253426E+0	1.124868E+0
1.0     	217     	6.896790E-1	1.292790E-3	-7.28E-2   	1.00      	578.29	25.1 	35.4 	5.782044E-1	1.803496E-8 	6.713660E+7	3.193321E+4	-1.896750E+0	1.662318E-3	1.251189E+0	1.122894E+0
1.0     	218     	6.937669E-1	2.444981E-3	-4.95E-2   	1.00      	580.85	25.1 	35.4 	5.789049E-1	7.786728E-7 	6.700637E+7	9.162447E+4	-1.900627E+0	1.702948E-3	1.255277E+0	1.123595E+0
1.0     	219     	6.927260E-1	9.743966E-4	-7.57E-2   	1.00      	583.42	25.1 	35.4 	5.788128E-1	1.958922E-6 	6.703687E+7	6.488515E+4	-1.899537E+0	1.099742E-3	1.254236E+0	1.123503E+0
1.0     	220     	6.919101E-1	6.341888E-4	-5.05E-2   	1.00      	586.00	25.1 	35.4 	5.805986E-1	1.327533E-6 	6.700543E+7	4.673856E+4	-1.896237E+0	1.203716E-3	1.253420E+0	1.125289E+0
1.0     	221     	6.923326E-1	2.250581E-3	-5.29E-2   	1.00      	588.57	25.1 	35.4 	5.801902E-1	1.325478E-6 	6.700637E+7	9.235282E+4	-1.897270E+0	1.428181E-3	1.253843E+0	1.124880E+0
1.0     	222     	6.934778E-1	7.583715E-4	-4.21E-2   	1.00      	591.15	25.1 	35.4 	5.773863E-1	2.291143E-6 	6.705937E+7	5.726337E+4	-1.902263E+0	1.755059E-3	1.254988E+0	1.122076E+0
1.0     	223     	6.927127E-1	8.350903E-4	-7.79E-2   	1.00      	593.72	25.1 	35.4 	5.762665E-1	9.988656E-7 	6.711330E+7	5.226557E+4	-1.902830E+0	3.278719E-4	1.254223E+0	1.120957E+0
1.0     	224     	6.930226E-1	4.712981E-4	-4.93E-2   	1.00      	596.29	25.1 	35.4 	5.762305E-1	2.128652E-6 	6.710610E+7	5.626749E+4	-1.903233E+0	1.342398E-3	1.254533E+0	1.120920E+0
1.0     	225     	6.965827E-1	1.584045E-3	-6.02E-2   	1.00      	598.86	25.1 	35.4 	5.792744E-1	1.136229E-6 	6.692030E+7	7.212621E+4	-1.903410E+0	8.170679E-4	1.258093E+0	1.123964E+0
1.0     	226     	6.939032E-1	1.123894E-3	-6.21E-2   	1.00      	601.43	25.1 	35.4 	5.799911E-1	6.187573E-7 	6.697030E+7	4.029293E+4	-1.899373E+0	1.561805E-3	1.255413E+0	1.124681E+0
1.0     	227     	6.956033E-1	9.478206E-4	-5.09E-2   	1.00      	604.01	25.1 	35.4 	5.810571E-1	2.122875E-7 	6.689330E+7	3.655503E+4	-1.899970E+0	7.700000E-4	1.257113E+0	1.125747E+0
1.0     	228     	6.906967E-1	9.326540E-4	-5.05E-2   	1.00      	606.58	25.1 	35.4 	5.785173E-1	8.453578E-7 	6.709997E+7	3.541276E+4	-1.897540E+0	1.702381E-3	1.252207E+0	1.123207E+0
1.0     	229     	6.912919E-1	4.163785E-3	-5.22E-2   	1.00      	609.15	25.1 	35.4 	5.799205E-1	1.038846E-5 	6.704257E+7	2.059812E+5	-1.896397E+0	1.330276E-3	1.252802E+0	1.124611E+0
1.0     	230     	6.930883E-1	1.362546E-3	-7.07E-2   	1.00      	611.72	25.1 	35.4 	5.816211E-1	6.711609E-7 	6.694357E+7	5.948162E+4	-1.896283E+0	7.540778E-4	1.254598E+0	1.126311E+0
1.0     	231     	6.908933E-1	9.923221E-5	-7.39E-2   	1.00      	614.30	25.1 	35.4 	5.800645E-1	1.302907E-6 	6.704853E+7	3.597643E+4	-1.895737E+0	1.424933E-3	1.252403E+0	1.124755E+0
1.0     	232     	6.903158E-1	3.463815E-4	-6.86E-2   	1.00      	616.87	25.1 	35.4 	5.799603E-1	3.287188E-6 	6.706713E+7	5.866791E+4	-1.895187E+0	2.247361E-3	1.251826E+0	1.124650E+0
1.0     	233     	6.908735E-1	7.597300E-4	-8.24E-2   	1.00      	619.44	25.1 	35.4 	5.788296E-1	2.659192E-6 	6.708593E+7	6.799267E+4	-1.897340E+0	1.355470E-3	1.252384E+0	1.123520E+0
1.0     	234     	6.905725E-1	4.718913E-4	-7.16E-2   	1.00      	622.01	25.1 	35.4 	5.785244E-1	9.009742E-8 	6.710307E+7	1.235084E+4	-1.897387E+0	7.966388E-4	1.252082E+0	1.123214E+0
1.0     	235     	6.903710E-1	1.876092E-3	-6.25E-2   	1.00      	624.59	25.1 	35.4 	5.780791E-1	1.025002E-6 	6.712183E+7	8.048629E+4	-1.897733E+0	8.821753E-4	1.251881E+0	1.122769E+0
1.0     	236     	6.918177E-1	1.024239E-3	-7.56E-2   	1.00      	627.16	25.1 	35.4 	5.779333E-1	6.701627E-7 	6.708740E+7	5.140204E+4	-1.899623E+0	3.257811E-4	1.253328E+0	1.122623E+0
1.0     	237     	6.927608E-1	1.322056E-3	-7.32E-2   	1.00      	629.73	25.1 	35.4 	5.784520E-1	1.126948E-6 	6.704670E+7	6.038510E+4	-1.900047E+0	1.279310E-3	1.254271E+0	1.123142E+0
1.0     	238     	6.927688E-1	2.273026E-3	-6.13E-2   	1.00      	632.30	25.1 	35.4 	5.772900E-1	2.348089E-6 	6.708127E+7	1.043522E+5	-1.901567E+0	1.133770E-3	1.254279E+0	1.121980E+0
1.0     	239     	6.938741E-1	2.847683E-3	-5.94E-2   	1.00      	634.87	25.1 	35.4 	5.807042E-1	3.497128E-6 	6.695000E+7	1.271019E+5	-1.898407E+0	1.735694E-3	1.255384E+0	1.125394E+0
1.0     	240     	6.940861E-1	1.287165E-3	-4.52E-2   	1.00      	637.45	25.1 	35.4 	5.789065E-1	1.978057E-6 	6.699777E+7	7.468041E+4	-1.901000E+0	7.597368E-4	1.255596E+0	1.123597E+0
1.0     	241     	6.952839E-1	1.223431E-3	-8.06E-2   	1.00      	640.02	25.1 	35.4 	5.756908E-1	3.767294E-7 	6.706183E+7	4.119470E+4	-1.906520E+0	1.421548E-3	1.256794E+0	1.120381E+0
1.0     	242     	6.944397E-1	8.466710E-4	-5.63E-2   	1.00      	642.59	25.1 	35.4 	5.797208E-1	2.108231E-7 	6.696403E+7	3.616688E+4	-1.900353E+0	4.026578E-4	1.255950E+0	1.124411E+0
1.0     	243     	6.953837E-1	1.267739E-3	-8.32E-2   	1.00      	645.16	25.1 	35.4 	5.795117E-1	3.209254E-6 	6.694517E+7	8.483869E+4	-1.901720E+0	1.211115E-3	1.256894E+0	1.124202E+0
1.0     	244     	6.954525E-1	1.109363E-3	-6.06E-2   	1.00      	647.73	25.1 	35.4 	5.761656E-1	4.506413E-7 	6.704313E+7	4.830469E+4	-1.906107E+0	6.379916E-4	1.256962E+0	1.120856E+0
1.0     	245     	6.952938E-1	3.133139E-3	-6.41E-2   	1.00      	650.30	25.1 	35.4 	5.763594E-1	4.991554E-6 	6.704177E+7	1.453184E+5	-1.905673E+0	1.789758E-3	1.256804E+0	1.121049E+0
1.0     	246     	6.932407E-1	8.963036E-4	-4.51E-2   	1.00      	652.87	25.1 	35.4 	5.777000E-1	3.232396E-8 	6.705630E+7	2.751363E+4	-1.901583E+0	9.200725E-4	1.254751E+0	1.122390E+0
1.0     	247     	6.899763E-1	1.050992E-3	-4.21E-2   	1.00      	655.44	25.1 	35.4 	5.790417E-1	1.697038E-6 	6.710363E+7	6.133925E+4	-1.896000E+0	1.288526E-3	1.251486E+0	1.123732E+0
1.0     	248     	6.916150E-1	5.404786E-4	-2.88E-2   	1.00      	658.01	25.1 	35.4 	5.820051E-1	4.389380E-7 	6.697147E+7	3.404061E+4	-1.894030E+0	2.570992E-4	1.253125E+0	1.126695E+0
1.0     	249     	6.947511E-1	1.475416E-3	-5.78E-2   	1.00      	660.59	25.1 	35.4 	5.759405E-1	6.366441E-7 	6.706860E+7	6.326903E+4	-1.905593E+0	6.700249E-4	1.256261E+0	1.120630E+0
1.0     	250     	6.931029E-1	9.050131E-4	-5.80E-2   	1.00      	663.15	25.1 	35.4 	5.810058E-1	1.267327E-6 	6.696147E+7	5.754253E+4	-1.897110E+0	4.371499E-4	1.254613E+0	1.125696E+0
1.0     	251     	6.918475E-1	2.009257E-4	-7.01E-2   	1.00      	665.73	25.1 	35.4 	5.807178E-1	5.076982E-8 	6.700353E+7	6.438426E+3	-1.896007E+0	4.561067E-4	1.253357E+0	1.125408E+0
1.0     	252     	6.944935E-1	5.177625E-4	-7.59E-2   	1.00      	668.30	25.1 	35.4 	5.764456E-1	3.562521E-7 	6.706033E+7	2.799506E+4	-1.904650E+0	6.605301E-4	1.256003E+0	1.121136E+0
1.0     	253     	6.940835E-1	7.511133E-4	-4.98E-2   	1.00      	670.87	25.1 	35.4 	5.753048E-1	2.516625E-6 	6.710547E+7	6.080792E+4	-1.905643E+0	1.727464E-3	1.255593E+0	1.119995E+0
1.0     	254     	6.933170E-1	1.228841E-3	-8.15E-2   	1.00      	673.44	25.1 	35.4 	5.787234E-1	1.081544E-6 	6.702373E+7	4.825457E+4	-1.900340E+0	1.827047E-3	1.254827E+0	1.123413E+0
1.0     	255     	6.906954E-1	9.534429E-4	-4.09E-2   	1.00      	676.01	25.1 	35.4 	5.773346E-1	3.254002E-6 	6.713540E+7	7.548702E+4	-1.899090E+0	1.650818E-3	1.252205E+0	1.122025E+0
1.0     	256     	6.951865E-1	6.115455E-4	-5.10E-2   	1.00      	678.59	25.1 	35.4 	5.762852E-1	1.191681E-7 	6.704663E+7	2.661622E+4	-1.905650E+0	2.615339E-4	1.256696E+0	1.120975E+0
1.0     	257     	5.705408E+0	1.442032E-4	-6.99E-2   	1.00      	681.16	25.1 	35.4 	5.700166E+0	2.890815E-8 	1.272043E+7	2.516611E+2	-1.630163E+0	2.631223E-4	6.266918E+0	6.244856E+0
1.0     	258     	8.160454E+0	1.721458E-3	-5.36E-2   	1.00      	683.73	25.1 	35.4 	8.162753E+0	3.250573E-6 	9.131407E+6	1.846411E+3	-1.611610E+0	1.249000E-4	8.721964E+0	8.707443E+0
1.0     	259     	1.131635E+1	3.186812E-3	-6.28E-2   	1.00      	686.31	25.1 	35.4 	1.132418E+1	1.013559E-5 	6.702183E+6	1.797508E+3	-1.598317E+0	1.457166E-4	1.187786E+1	1.186887E+1
1.0     	260     	2.376705E+1	1.244310E-3	-4.97E-2   	1.00      	688.88	25.1 	35.4 	2.378311E+1	1.538468E-6 	3.271000E+6	1.670329E+2	-1.576407E+0	1.527525E-5	2.432856E+1	2.432780E+1
1.0     	261     	2.827947E+1	2.066248E-3	-5.00E-2   	1.00      	691.46	25.1 	35.4 	2.829623E+1	4.237633E-6 	2.759183E+6	1.973153E+2	-1.572270E+0	9.848858E-5	2.884098E+1	2.884092E+1
1.0     	262     	3.438393E+1	1.848205E-3	-7.49E-2   	1.00      	694.03	25.1 	35.4 	3.440040E+1	3.382072E-6 	2.277203E+6	1.201388E+2	-1.567623E+0	4.618802E-5	3.494544E+1	3.494509E+1
1.0     	263     	5.038276E+1	1.487317E-3	-6.80E-2   	1.00      	696.60	25.1 	35.4 	5.039107E+1	2.254375E-6 	1.562180E+6	4.582576E+1	-1.557867E+0	2.516611E-5	5.094427E+1	5.093576E+1
1.0     	264     	1.103762E+2	7.103774E-4	-4.96E-2   	1.00      	699.18	25.1 	35.4 	1.102092E+2	4.055089E-7 	7.179120E+5	4.358899E+0	-1.530080E+0	1.000000E-5	1.109377E+2	1.107539E+2
